0,0.10024,0.14935,0.089776,0.020096,0.020096,0.13214,0.13694,0.14646,0.14305,0.061865,0
1,0.10027,0.15742,0.088103,0.0070246,0.0070246,0.1374,0.14298,0.15406,0.15009,0.055627,0
2,0.10025,0.15193,0.089241,0.015913,0.015913,0.13383,0.13887,0.14889,0.1453,0.059869,0
3,0.10027,0.15648,0.088297,0.0085421,0.0085421,0.13679,0.14228,0.15317,0.14927,0.056351,0
4,0.10024,0.15005,0.089631,0.018962,0.018962,0.1326,0.13746,0.14712,0.14366,0.061324,0
5,0.10025,0.1517,0.089288,0.016285,0.016285,0.13368,0.1387,0.14867,0.1451,0.060046,0
6,0.10027,0.15721,0.088147,0.0073657,0.0073657,0.13726,0.14282,0.15386,0.14991,0.05579,0
7,0.10024,0.14994,0.089653,0.019134,0.019134,0.13253,0.13738,0.14702,0.14357,0.061406,0
8,0.10026,0.15391,0.08883,0.0127,0.0127,0.13512,0.14035,0.15076,0.14703,0.058336,0
9,0.10026,0.15406,0.088798,0.012457,0.012457,0.13522,0.14047,0.1509,0.14716,0.05822,0
10,0.10026,0.15523,0.088556,0.010563,0.010563,0.13598,0.14134,0.152,0.14818,0.057316,0
11,0.10027,0.15625,0.088345,0.0089172,0.0089172,0.13664,0.1421,0.15296,0.14907,0.05653,0
12,0.10023,0.14797,0.090061,0.022323,0.022323,0.13125,0.13591,0.14516,0.14185,0.062928,0
13,0.10026,0.15437,0.088735,0.011959,0.011959,0.13542,0.1407,0.15119,0.14743,0.057982,0
14,0.10027,0.15732,0.088124,0.007186,0.007186,0.13734,0.1429,0.15396,0.15,0.055704,0
15,0.10025,0.15138,0.089355,0.016807,0.016807,0.13347,0.13846,0.14837,0.14482,0.060296,0
16,0.10027,0.1572,0.088149,0.0073826,0.0073826,0.13726,0.14281,0.15385,0.1499,0.055798,0
17,0.10024,0.14932,0.08978,0.020132,0.020132,0.13213,0.13692,0.14644,0.14303,0.061882,0
18,0.10027,0.15559,0.088481,0.0099788,0.0099788,0.13621,0.14161,0.15234,0.1485,0.057037,0
19,0.10024,0.14956,0.089732,0.019753,0.019753,0.13228,0.13709,0.14666,0.14323,0.061702,0
20,0.10024,0.15094,0.089446,0.017517,0.017517,0.13318,0.13813,0.14796,0.14444,0.060635,0
21,0.10024,0.14968,0.089707,0.01956,0.01956,0.13236,0.13718,0.14677,0.14334,0.06161,0
22,0.10024,0.14942,0.089761,0.019983,0.019983,0.13219,0.13699,0.14652,0.14311,0.061811,0
23,0.10025,0.15145,0.089341,0.016694,0.016694,0.13351,0.13851,0.14843,0.14488,0.060242,0
24,0.10023,0.14785,0.090087,0.022526,0.022526,0.13117,0.13581,0.14504,0.14174,0.063025,0
25,0.10027,0.15615,0.088365,0.0090723,0.0090723,0.13658,0.14203,0.15287,0.14899,0.056604,0
26,0.10026,0.15356,0.088903,0.013275,0.013275,0.13489,0.14009,0.15042,0.14672,0.05861,0
27,0.10024,0.14984,0.089674,0.019298,0.019298,0.13246,0.1373,0.14692,0.14348,0.061484,0
28,0.10025,0.15243,0.089136,0.015095,0.015095,0.13415,0.13925,0.14936,0.14574,0.059479,0
29,0.10026,0.15436,0.088737,0.01198,0.01198,0.13541,0.14069,0.15118,0.14742,0.057992,0
30,0.10023,0.14768,0.090122,0.0228,0.0228,0.13106,0.13569,0.14488,0.14159,0.063156,0
31,0.10027,0.15736,0.088115,0.0071147,0.0071147,0.13737,0.14294,0.154,0.15004,0.05567,0
32,0.10025,0.15245,0.089133,0.015073,0.015073,0.13416,0.13926,0.14938,0.14576,0.059468,0
33,0.10023,0.14878,0.089894,0.021018,0.021018,0.13177,0.13651,0.14592,0.14255,0.062305,0
34,0.10024,0.14978,0.089686,0.019394,0.019394,0.13243,0.13726,0.14686,0.14343,0.06153,0
35,0.10027,0.15588,0.088421,0.0095112,0.0095112,0.1364,0.14183,0.15261,0.14875,0.056814,0
36,0.10027,0.15648,0.088299,0.0085519,0.0085519,0.13679,0.14227,0.15317,0.14927,0.056356,0
37,0.10025,0.15133,0.089364,0.016881,0.016881,0.13344,0.13842,0.14833,0.14478,0.060331,0
38,0.10025,0.15217,0.08919,0.01552,0.01552,0.13398,0.13905,0.14912,0.14551,0.059682,0
39,0.10027,0.15666,0.088261,0.0082578,0.0082578,0.13691,0.14241,0.15334,0.14943,0.056216,0
40,0.10027,0.15672,0.088249,0.0081606,0.0081606,0.13694,0.14245,0.1534,0.14948,0.056169,0
41,0.10024,0.14945,0.089755,0.019935,0.019935,0.13221,0.13701,0.14655,0.14314,0.061788,0
42,0.10024,0.14968,0.089707,0.019559,0.019559,0.13236,0.13718,0.14677,0.14334,0.061609,0
43,0.10024,0.14999,0.089642,0.019048,0.019048,0.13256,0.13742,0.14707,0.14361,0.061365,0
44,0.10025,0.15251,0.08912,0.014972,0.014972,0.1342,0.1393,0.14944,0.14581,0.05942,0
45,0.10023,0.14818,0.090017,0.021979,0.021979,0.13139,0.13606,0.14536,0.14203,0.062764,0
46,0.10025,0.1516,0.089308,0.016439,0.016439,0.13361,0.13863,0.14858,0.14502,0.06012,0
47,0.10025,0.15311,0.088997,0.014005,0.014005,0.13459,0.13975,0.15,0.14633,0.058959,0
48,0.10026,0.15348,0.08892,0.013407,0.013407,0.13483,0.14003,0.15035,0.14665,0.058673,0
49,0.10027,0.15719,0.088152,0.0074021,0.0074021,0.13725,0.1428,0.15384,0.14989,0.055807,0
50,0.10025,0.15234,0.089156,0.015255,0.015255,0.13409,0.13917,0.14927,0.14566,0.059555,0
51,0.10024,0.1495,0.089744,0.019849,0.019849,0.13224,0.13705,0.1466,0.14318,0.061748,0
52,0.10026,0.15475,0.088657,0.011354,0.011354,0.13566,0.14098,0.15154,0.14776,0.057693,0
53,0.10023,0.1488,0.089888,0.020974,0.020974,0.13179,0.13653,0.14595,0.14258,0.062284,0
54,0.10024,0.15087,0.089461,0.017635,0.017635,0.13313,0.13807,0.14789,0.14437,0.060691,0
55,0.10024,0.14957,0.089731,0.019741,0.019741,0.13229,0.1371,0.14666,0.14324,0.061696,0
56,0.10024,0.15027,0.089585,0.018601,0.018601,0.13274,0.13763,0.14733,0.14385,0.061152,0
57,0.10025,0.15196,0.089234,0.015862,0.015862,0.13385,0.13889,0.14892,0.14533,0.059845,0
58,0.10024,0.14952,0.089741,0.019821,0.019821,0.13225,0.13706,0.14662,0.1432,0.061734,0
59,0.10025,0.1523,0.089164,0.015313,0.015313,0.13407,0.13915,0.14924,0.14563,0.059583,0
60,0.10025,0.15209,0.089206,0.015646,0.015646,0.13393,0.13899,0.14904,0.14545,0.059741,0
61,0.10024,0.14944,0.089756,0.019944,0.019944,0.1322,0.13701,0.14655,0.14313,0.061793,0
62,0.10024,0.15095,0.089443,0.017497,0.017497,0.13319,0.13814,0.14797,0.14445,0.060625,0
63,0.10024,0.15064,0.089508,0.018004,0.018004,0.13298,0.1379,0.14767,0.14418,0.060867,0
64,0.10026,0.15337,0.088943,0.013589,0.013589,0.13476,0.13994,0.15024,0.14655,0.05876,0
65,0.10024,0.1504,0.089558,0.01839,0.01839,0.13283,0.13772,0.14745,0.14397,0.061051,0
66,0.10026,0.15534,0.088534,0.010388,0.010388,0.13605,0.14142,0.1521,0.14828,0.057232,0
67,0.10023,0.14794,0.090067,0.022368,0.022368,0.13123,0.13589,0.14514,0.14182,0.06295,0
68,0.10027,0.1559,0.088418,0.0094834,0.0094834,0.13641,0.14184,0.15263,0.14877,0.0568,0
69,0.10027,0.15713,0.088163,0.0074936,0.0074936,0.13721,0.14276,0.15378,0.14984,0.055851,0
70,0.10024,0.15123,0.089386,0.017048,0.017048,0.13337,0.13834,0.14823,0.14469,0.060411,0
71,0.10023,0.14823,0.090008,0.02191,0.02191,0.13141,0.1361,0.1454,0.14207,0.062731,0
72,0.10027,0.15671,0.088251,0.0081775,0.0081775,0.13694,0.14244,0.15339,0.14947,0.056177,0
73,0.10024,0.15063,0.089509,0.018011,0.018011,0.13298,0.1379,0.14767,0.14417,0.06087,0
74,0.10025,0.15234,0.089156,0.015251,0.015251,0.13409,0.13917,0.14927,0.14566,0.059553,0
75,0.10027,0.15685,0.088221,0.0079473,0.0079473,0.13703,0.14255,0.15352,0.14959,0.056067,0
76,0.10023,0.14806,0.090043,0.022184,0.022184,0.1313,0.13597,0.14524,0.14192,0.062862,0
77,0.10027,0.15628,0.08834,0.0088729,0.0088729,0.13666,0.14212,0.15298,0.1491,0.056509,0
78,0.10025,0.15216,0.089194,0.015547,0.015547,0.13397,0.13904,0.1491,0.1455,0.059695,0
79,0.10026,0.15362,0.088891,0.01318,0.01318,0.13493,0.14013,0.15048,0.14677,0.058565,0
80,0.10026,0.1541,0.08879,0.012392,0.012392,0.13524,0.1405,0.15094,0.1472,0.058189,0
81,0.10024,0.15007,0.089626,0.018928,0.018928,0.13261,0.13748,0.14714,0.14368,0.061308,0
82,0.10023,0.14886,0.089876,0.020878,0.020878,0.13183,0.13657,0.146,0.14263,0.062239,0
83,0.10023,0.1482,0.090014,0.021957,0.021957,0.13139,0.13608,0.14537,0.14205,0.062753,0
84,0.10025,0.15226,0.089172,0.015377,0.015377,0.13404,0.13912,0.1492,0.14559,0.059613,0
85,0.10026,0.15476,0.088655,0.011334,0.011334,0.13567,0.14099,0.15155,0.14777,0.057683,0
86,0.10023,0.14863,0.089924,0.021254,0.021254,0.13168,0.1364,0.14578,0.14242,0.062418,0
87,0.10026,0.15521,0.08856,0.010594,0.010594,0.13597,0.14133,0.15198,0.14817,0.057331,0
88,0.10025,0.15162,0.089304,0.016408,0.016408,0.13363,0.13864,0.1486,0.14504,0.060105,0
89,0.10024,0.15091,0.089451,0.017559,0.017559,0.13316,0.13811,0.14793,0.14442,0.060655,0
90,0.10025,0.15246,0.08913,0.015051,0.015051,0.13417,0.13927,0.14939,0.14577,0.059458,0
91,0.10025,0.15313,0.088993,0.013977,0.013977,0.1346,0.13976,0.15001,0.14635,0.058945,0
92,0.10026,0.15504,0.088597,0.010882,0.010882,0.13585,0.14119,0.15181,0.14801,0.057468,0
93,0.10025,0.15204,0.089217,0.015732,0.015732,0.1339,0.13895,0.14899,0.1454,0.059783,0
94,0.10026,0.15461,0.088685,0.011571,0.011571,0.13557,0.14088,0.15141,0.14764,0.057797,0
95,0.10026,0.15473,0.088661,0.011387,0.011387,0.13565,0.14096,0.15152,0.14774,0.057709,0
96,0.10024,0.15062,0.089511,0.018029,0.018029,0.13297,0.13789,0.14766,0.14416,0.060879,0
97,0.10027,0.1561,0.088376,0.0091528,0.0091528,0.13655,0.14199,0.15282,0.14894,0.056643,0
98,0.10024,0.14973,0.089697,0.019483,0.019483,0.13239,0.13722,0.14681,0.14338,0.061573,0
99,0.10026,0.15343,0.08893,0.013484,0.013484,0.1348,0.13999,0.1503,0.14661,0.05871,0
100,0.04476,0.18172,0.093915,0.11429,0.16923,0.10318,0.086298,0.054436,0.045797,0.10637,1
101,0.038633,0.19078,0.09324,0.11588,0.17691,0.10353,0.084779,0.049382,0.039785,0.10708,1
102,0.04131,0.18682,0.093535,0.11518,0.17355,0.10338,0.085443,0.05159,0.042412,0.10677,1
103,0.04457,0.182,0.093894,0.11434,0.16947,0.10319,0.086251,0.054279,0.045611,0.10639,1
104,0.039715,0.18918,0.093359,0.1156,0.17555,0.10347,0.085047,0.050275,0.040847,0.10695,1
105,0.040881,0.18746,0.093487,0.11529,0.17409,0.10341,0.085336,0.051236,0.041991,0.10682,1
106,0.038097,0.19158,0.093181,0.11601,0.17758,0.10357,0.084646,0.04894,0.039259,0.10714,1
107,0.046436,0.17924,0.094099,0.11386,0.16713,0.10309,0.086714,0.055818,0.047441,0.10618,1
108,0.043356,0.1838,0.09376,0.11465,0.17099,0.10326,0.08595,0.053278,0.044419,0.10653,1
109,0.050806,0.17278,0.094581,0.11273,0.16165,0.10283,0.087798,0.059423,0.05173,0.10567,1
110,0.048323,0.17645,0.094307,0.11337,0.16477,0.10298,0.087182,0.057375,0.049293,0.10596,1
111,0.044996,0.18137,0.093941,0.11423,0.16893,0.10317,0.086357,0.05463,0.046028,0.10634,1
112,0.048885,0.17562,0.094369,0.11322,0.16406,0.10294,0.087321,0.057838,0.049844,0.1059,1
113,0.0433,0.18388,0.093754,0.11467,0.17106,0.10327,0.085936,0.053232,0.044365,0.10654,1
114,0.042176,0.18554,0.09363,0.11496,0.17247,0.10333,0.085657,0.052304,0.043261,0.10667,1
115,0.04955,0.17463,0.094442,0.11305,0.16323,0.10291,0.087487,0.058387,0.050497,0.10582,1
116,0.049742,0.17435,0.094464,0.113,0.16299,0.10289,0.087534,0.058545,0.050685,0.1058,1
117,0.048168,0.17668,0.09429,0.11341,0.16496,0.10299,0.087144,0.057247,0.049141,0.10598,1
118,0.0496,0.17456,0.094448,0.11304,0.16317,0.1029,0.087499,0.058428,0.050546,0.10581,1
119,0.040472,0.18806,0.093442,0.1154,0.1746,0.10343,0.085235,0.050899,0.041589,0.10687,1
120,0.045498,0.18063,0.093996,0.1141,0.1683,0.10314,0.086481,0.055045,0.046521,0.10629,1
121,0.038006,0.19171,0.093171,0.11604,0.1777,0.10357,0.084623,0.048865,0.039169,0.10715,1
122,0.040798,0.18758,0.093478,0.11531,0.1742,0.10341,0.085316,0.051168,0.041909,0.10683,1
123,0.049492,0.17472,0.094436,0.11307,0.1633,0.10291,0.087472,0.058339,0.05044,0.10583,1
124,0.041314,0.18682,0.093535,0.11518,0.17355,0.10338,0.085444,0.051593,0.042416,0.10677,1
125,0.042801,0.18462,0.093699,0.1148,0.17169,0.10329,0.085812,0.05282,0.043875,0.1066,1
126,0.047051,0.17833,0.094167,0.1137,0.16636,0.10305,0.086867,0.056326,0.048045,0.10611,1
127,0.047144,0.17819,0.094177,0.11367,0.16624,0.10304,0.08689,0.056402,0.048136,0.1061,1
128,0.042681,0.1848,0.093686,0.11483,0.17184,0.1033,0.085783,0.052721,0.043757,0.10661,1
129,0.046482,0.17917,0.094104,0.11384,0.16707,0.10308,0.086725,0.055856,0.047487,0.10617,1
130,0.049602,0.17456,0.094448,0.11304,0.16316,0.1029,0.087499,0.05843,0.050548,0.10581,1
131,0.049458,0.17477,0.094432,0.11307,0.16334,0.10291,0.087464,0.058311,0.050407,0.10583,1
132,0.051031,0.17244,0.094606,0.11267,0.16137,0.10282,0.087854,0.059609,0.051951,0.10565,1
133,0.045323,0.18089,0.093977,0.11414,0.16852,0.10315,0.086438,0.0549,0.04635,0.10631,1
134,0.048141,0.17672,0.094287,0.11342,0.16499,0.10299,0.087137,0.057225,0.049115,0.10598,1
135,0.042102,0.18565,0.093622,0.11498,0.17256,0.10333,0.085639,0.052243,0.043189,0.10668,1
136,0.046743,0.17879,0.094133,0.11378,0.16675,0.10307,0.08679,0.056071,0.047742,0.10614,1
137,0.043344,0.18382,0.093759,0.11466,0.17101,0.10326,0.085947,0.053267,0.044407,0.10654,1
138,0.046842,0.17864,0.094144,0.11375,0.16662,0.10306,0.086815,0.056153,0.047839,0.10613,1
139,0.046915,0.17853,0.094152,0.11373,0.16653,0.10306,0.086833,0.056213,0.047911,0.10612,1
140,0.045642,0.18042,0.094012,0.11406,0.16813,0.10313,0.086517,0.055163,0.046662,0.10627,1
141,0.043535,0.18353,0.09378,0.11461,0.17077,0.10325,0.085994,0.053425,0.044595,0.10651,1
142,0.040205,0.18846,0.093413,0.11547,0.17494,0.10344,0.085168,0.050678,0.041327,0.1069,1
143,0.0509,0.17264,0.094591,0.1127,0.16154,0.10283,0.087821,0.0595,0.051821,0.10566,1
144,0.050525,0.17319,0.09455,0.1128,0.162,0.10285,0.087728,0.059191,0.051454,0.10571,1
145,0.046811,0.17869,0.094141,0.11376,0.16666,0.10306,0.086807,0.056128,0.047809,0.10614,1
146,0.048653,0.17596,0.094344,0.11328,0.16435,0.10296,0.087264,0.057647,0.049616,0.10592,1
147,0.046611,0.17898,0.094119,0.11381,0.16691,0.10307,0.086757,0.055963,0.047613,0.10616,1
148,0.048515,0.17617,0.094328,0.11332,0.16452,0.10297,0.08723,0.057533,0.049481,0.10594,1
149,0.050869,0.17268,0.094588,0.11271,0.16157,0.10283,0.087814,0.059475,0.051792,0.10567,1
150,0.038977,0.19028,0.093278,0.11579,0.17648,0.10351,0.084864,0.049666,0.040122,0.10704,1
151,0.046721,0.17882,0.094131,0.11378,0.16677,0.10307,0.086785,0.056053,0.047721,0.10615,1
152,0.038367,0.19118,0.09321,0.11594,0.17724,0.10355,0.084713,0.049163,0.039524,0.10711,1
153,0.050755,0.17285,0.094575,0.11274,0.16172,0.10284,0.087785,0.059381,0.051679,0.10568,1
154,0.041708,0.18624,0.093578,0.11508,0.17306,0.10336,0.085541,0.051918,0.042802,0.10672,1
155,0.0494,0.17486,0.094426,0.11309,0.16342,0.10291,0.087449,0.058263,0.05035,0.10584,1
156,0.047789,0.17724,0.094248,0.11351,0.16543,0.10301,0.08705,0.056935,0.048769,0.10602,1
157,0.039494,0.18951,0.093335,0.11565,0.17583,0.10348,0.084992,0.050092,0.04063,0.10698,1
158,0.050167,0.17372,0.09451,0.11289,0.16245,0.10287,0.08764,0.058896,0.051103,0.10575,1
159,0.048596,0.17605,0.094337,0.1133,0.16442,0.10296,0.08725,0.0576,0.049561,0.10593,1
160,0.045744,0.18026,0.094023,0.11404,0.168,0.10312,0.086542,0.055247,0.046762,0.10626,1
161,0.043597,0.18344,0.093787,0.11459,0.17069,0.10325,0.08601,0.053477,0.044656,0.10651,1
162,0.048994,0.17546,0.094381,0.11319,0.16392,0.10294,0.087349,0.057928,0.049951,0.10588,1
163,0.047746,0.1773,0.094244,0.11352,0.16549,0.10301,0.087039,0.056898,0.048726,0.10603,1
164,0.042586,0.18494,0.093675,0.11485,0.17195,0.10331,0.085759,0.052643,0.043664,0.10662,1
165,0.038345,0.19121,0.093208,0.11595,0.17727,0.10355,0.084707,0.049144,0.039502,0.10711,1
166,0.047189,0.17813,0.094182,0.11366,0.16619,0.10304,0.086901,0.05644,0.048181,0.10609,1
167,0.047927,0.17704,0.094264,0.11347,0.16526,0.103,0.087084,0.057048,0.048904,0.10601,1
168,0.048924,0.17556,0.094373,0.11321,0.16401,0.10294,0.087331,0.05787,0.049882,0.10589,1
169,0.04665,0.17892,0.094123,0.1138,0.16686,0.10307,0.086767,0.055995,0.047651,0.10615,1
170,0.039815,0.18904,0.09337,0.11557,0.17543,0.10347,0.085072,0.050357,0.040944,0.10694,1
171,0.04528,0.18095,0.093972,0.11416,0.16858,0.10315,0.086427,0.054865,0.046307,0.10631,1
172,0.045403,0.18077,0.093986,0.11412,0.16842,0.10314,0.086458,0.054966,0.046428,0.1063,1
173,0.042507,0.18505,0.093667,0.11487,0.17205,0.10331,0.085739,0.052577,0.043586,0.10663,1
174,0.043807,0.18313,0.09381,0.11454,0.17042,0.10324,0.086062,0.05365,0.044862,0.10648,1
175,0.04901,0.17543,0.094383,0.11319,0.1639,0.10294,0.087353,0.057942,0.049968,0.10588,1
176,0.041434,0.18664,0.093548,0.11515,0.1734,0.10337,0.085473,0.051693,0.042534,0.10676,1
177,0.045275,0.18096,0.093971,0.11416,0.16859,0.10315,0.086426,0.05486,0.046302,0.10631,1
178,0.044831,0.18161,0.093923,0.11427,0.16914,0.10318,0.086316,0.054495,0.045867,0.10636,1
179,0.046892,0.17857,0.09415,0.11374,0.16656,0.10306,0.086827,0.056195,0.047889,0.10613,1
180,0.049007,0.17544,0.094383,0.11319,0.16391,0.10294,0.087352,0.057939,0.049964,0.10588,1
181,0.038032,0.19167,0.093173,0.11603,0.17766,0.10357,0.084629,0.048886,0.039195,0.10715,1
182,0.046229,0.17955,0.094077,0.11391,0.16739,0.1031,0.086663,0.055648,0.047239,0.1062,1
183,0.045337,0.18087,0.093978,0.11414,0.16851,0.10315,0.086441,0.054911,0.046363,0.10631,1
184,0.050484,0.17325,0.094545,0.11281,0.16206,0.10285,0.087718,0.059157,0.051414,0.10571,1
185,0.0383,0.19128,0.093203,0.11596,0.17733,0.10355,0.084696,0.049107,0.039458,0.10712,1
186,0.044228,0.18251,0.093856,0.11443,0.1699,0.10321,0.086166,0.053997,0.045275,0.10643,1
187,0.044361,0.18231,0.093871,0.11439,0.16973,0.1032,0.086199,0.054107,0.045405,0.10642,1
188,0.04117,0.18703,0.093519,0.11522,0.17373,0.10339,0.085408,0.051475,0.042274,0.10679,1
189,0.047907,0.17706,0.094261,0.11348,0.16529,0.103,0.087079,0.057031,0.048885,0.10601,1
190,0.047219,0.17808,0.094186,0.11365,0.16615,0.10304,0.086908,0.056464,0.04821,0.10609,1
191,0.047409,0.1778,0.094207,0.1136,0.16591,0.10303,0.086955,0.056621,0.048396,0.10607,1
192,0.041753,0.18617,0.093583,0.11507,0.173,0.10335,0.085553,0.051956,0.042847,0.10672,1
193,0.046176,0.17963,0.094071,0.11392,0.16746,0.1031,0.086649,0.055604,0.047186,0.10621,1
194,0.049143,0.17524,0.094398,0.11316,0.16374,0.10293,0.087386,0.058051,0.050098,0.10587,1
195,0.050247,0.1736,0.094519,0.11287,0.16235,0.10287,0.087659,0.058962,0.051181,0.10574,1
196,0.04072,0.1877,0.09347,0.11534,0.17429,0.10341,0.085296,0.051103,0.041832,0.10684,1
197,0.041838,0.18604,0.093593,0.11505,0.17289,0.10335,0.085574,0.052026,0.04293,0.10671,1
198,0.041432,0.18664,0.093548,0.11515,0.1734,0.10337,0.085473,0.05169,0.042531,0.10676,1
199,0.043229,0.18399,0.093746,0.11469,0.17115,0.10327,0.085919,0.053173,0.044295,0.10655,1
200,0.099887,0.087709,0.097181,0.084774,0.050927,0.070837,0.11841,0.14312,0.18255,0.064602,2
201,0.099905,0.089599,0.097614,0.087116,0.058474,0.075322,0.11558,0.13649,0.16985,0.070046,2
202,0.099901,0.089196,0.097522,0.086616,0.056863,0.074365,0.11619,0.1379,0.17256,0.068884,2
203,0.099907,0.08982,0.097665,0.087389,0.059355,0.075845,0.11525,0.13571,0.16837,0.070682,2
204,0.099899,0.088936,0.097462,0.086294,0.055824,0.073747,0.11658,0.13882,0.17431,0.068135,2
205,0.099894,0.088415,0.097343,0.085649,0.053747,0.072513,0.11736,0.14064,0.17781,0.066636,2
206,0.0999,0.089028,0.097483,0.086408,0.056194,0.073967,0.11644,0.13849,0.17369,0.068402,2
207,0.09989,0.087937,0.097233,0.085057,0.051838,0.071378,0.11807,0.14232,0.18102,0.065259,2
208,0.099895,0.088554,0.097374,0.08582,0.054299,0.07284,0.11715,0.14016,0.17688,0.067034,2
209,0.099903,0.089363,0.09756,0.086823,0.05753,0.074761,0.11594,0.13732,0.17144,0.069365,2
210,0.099887,0.087637,0.097164,0.084685,0.050639,0.070665,0.11852,0.14337,0.18304,0.064394,2
211,0.099899,0.08895,0.097465,0.086311,0.05588,0.07378,0.11656,0.13877,0.17422,0.068175,2
212,0.099889,0.087828,0.097208,0.084921,0.0514,0.071118,0.11824,0.1427,0.18175,0.064943,2
213,0.099908,0.089918,0.097687,0.087511,0.059748,0.076079,0.1151,0.13537,0.16771,0.070965,2
214,0.099887,0.08768,0.097174,0.084738,0.05081,0.070767,0.11846,0.14322,0.18275,0.064518,2
215,0.099884,0.087358,0.0971,0.084339,0.049524,0.070003,0.11894,0.14435,0.18491,0.06359,2
216,0.099908,0.089932,0.097691,0.087528,0.059802,0.076111,0.11508,0.13532,0.16762,0.071004,2
217,0.099899,0.089,0.097477,0.086373,0.05608,0.073899,0.11648,0.13859,0.17388,0.068319,2
218,0.099891,0.088127,0.097277,0.085292,0.052596,0.071828,0.11779,0.14165,0.17974,0.065806,2
219,0.099902,0.089246,0.097533,0.086678,0.057062,0.074483,0.11611,0.13773,0.17223,0.069028,2
220,0.099888,0.087738,0.097187,0.08481,0.051041,0.070905,0.11837,0.14302,0.18236,0.064685,2
221,0.099908,0.089914,0.097686,0.087505,0.05973,0.076068,0.11511,0.13538,0.16774,0.070952,2
222,0.099888,0.087814,0.097205,0.084904,0.051346,0.071086,0.11826,0.14275,0.18184,0.064905,2
223,0.099903,0.089456,0.097581,0.086938,0.057901,0.074981,0.1158,0.13699,0.17082,0.069633,2
224,0.099887,0.087695,0.097178,0.084757,0.050872,0.070804,0.11843,0.14317,0.18264,0.064563,2
225,0.099907,0.089838,0.097669,0.087411,0.059425,0.075887,0.11523,0.13565,0.16825,0.070732,2
226,0.099897,0.088786,0.097428,0.086109,0.055228,0.073393,0.1168,0.13934,0.17531,0.067705,2
227,0.099898,0.088876,0.097448,0.086219,0.055585,0.073605,0.11667,0.13903,0.17471,0.067962,2
228,0.099906,0.089692,0.097635,0.08723,0.058842,0.075541,0.11544,0.13616,0.16924,0.070312,2
229,0.099901,0.089193,0.097521,0.086612,0.05685,0.074356,0.11619,0.13791,0.17259,0.068874,2
230,0.099887,0.087676,0.097173,0.084733,0.050793,0.070757,0.11846,0.14324,0.18278,0.064506,2
231,0.099886,0.087563,0.097147,0.084593,0.050345,0.070491,0.11863,0.14363,0.18353,0.064182,2
232,0.099901,0.089161,0.097514,0.086573,0.056726,0.074283,0.11624,0.13802,0.1728,0.068785,2
233,0.099908,0.090001,0.097707,0.087614,0.060079,0.076276,0.11498,0.13508,0.16715,0.071204,2
234,0.099892,0.088164,0.097285,0.085337,0.052742,0.071915,0.11773,0.14152,0.1795,0.065911,2
235,0.099891,0.088118,0.097275,0.085281,0.052561,0.071808,0.1178,0.14168,0.1798,0.065781,2
236,0.099908,0.089972,0.0977,0.087577,0.05996,0.076205,0.11502,0.13518,0.16735,0.071118,2
237,0.099901,0.089177,0.097517,0.086593,0.056788,0.07432,0.11621,0.13797,0.17269,0.06883,2
238,0.099889,0.087893,0.097223,0.085001,0.05166,0.071272,0.11814,0.14247,0.18132,0.065131,2
239,0.099901,0.089153,0.097512,0.086563,0.056693,0.074263,0.11625,0.13805,0.17285,0.068762,2
240,0.099908,0.08991,0.097686,0.0875,0.059714,0.076059,0.11512,0.1354,0.16777,0.07094,2
241,0.099907,0.089837,0.097669,0.087411,0.059425,0.075887,0.11523,0.13565,0.16826,0.070732,2
242,0.09989,0.088034,0.097255,0.085176,0.052223,0.071607,0.11793,0.14198,0.18037,0.065537,2
243,0.099886,0.08757,0.097149,0.084602,0.050372,0.070507,0.11862,0.14361,0.18348,0.064202,2
244,0.099902,0.089282,0.097542,0.086723,0.057209,0.07457,0.11606,0.1376,0.17198,0.069133,2
245,0.099905,0.089587,0.097611,0.0871,0.058424,0.075292,0.1156,0.13653,0.16994,0.07001,2
246,0.099905,0.089655,0.097627,0.087185,0.058696,0.075454,0.1155,0.13629,0.16948,0.070206,2
247,0.099901,0.089151,0.097512,0.086561,0.056686,0.074259,0.11625,0.13806,0.17286,0.068756,2
248,0.099885,0.087485,0.097129,0.084496,0.050032,0.070305,0.11875,0.1439,0.18406,0.063957,2
249,0.099888,0.087723,0.097184,0.084791,0.050982,0.070869,0.11839,0.14307,0.18246,0.064642,2
250,0.099895,0.088512,0.097365,0.085769,0.054132,0.072741,0.11721,0.1403,0.17716,0.066914,2
251,0.099903,0.089422,0.097574,0.086896,0.057767,0.074902,0.11585,0.13711,0.17104,0.069536,2
252,0.099897,0.088728,0.097414,0.086036,0.054994,0.073253,0.11689,0.13955,0.17571,0.067536,2
253,0.099896,0.08868,0.097403,0.085977,0.054803,0.07314,0.11696,0.13971,0.17603,0.067398,2
254,0.099905,0.089669,0.09763,0.087202,0.058753,0.075488,0.11548,0.13624,0.16938,0.070248,2
255,0.099905,0.089638,0.097623,0.087164,0.05863,0.075415,0.11552,0.13635,0.16959,0.070159,2
256,0.099903,0.089386,0.097565,0.086851,0.057622,0.074815,0.1159,0.13724,0.17129,0.069431,2
257,0.099909,0.090046,0.097717,0.087669,0.060256,0.076381,0.11491,0.13492,0.16686,0.071331,2
258,0.099898,0.088873,0.097448,0.086216,0.055576,0.073599,0.11667,0.13903,0.17473,0.067956,2
259,0.099897,0.088723,0.097413,0.08603,0.054974,0.073242,0.1169,0.13956,0.17574,0.067521,2
260,0.099896,0.0886,0.097385,0.085878,0.054484,0.07295,0.11708,0.13999,0.17657,0.067168,2
261,0.099901,0.08915,0.097511,0.086559,0.056681,0.074256,0.11626,0.13806,0.17287,0.068753,2
262,0.099892,0.088191,0.097291,0.085371,0.052852,0.071981,0.11769,0.14143,0.17931,0.065991,2
263,0.099908,0.090001,0.097706,0.087613,0.060078,0.076275,0.11498,0.13508,0.16716,0.071203,2
264,0.099893,0.088264,0.097308,0.085461,0.053142,0.072153,0.11758,0.14117,0.17882,0.0662,2
265,0.099885,0.087473,0.097126,0.084481,0.049983,0.070275,0.11877,0.14395,0.18414,0.063921,2
266,0.099902,0.089301,0.097546,0.086746,0.057282,0.074613,0.11603,0.13753,0.17186,0.069186,2
267,0.099901,0.089183,0.097519,0.0866,0.056812,0.074334,0.11621,0.13795,0.17265,0.068847,2
268,0.099897,0.08878,0.097426,0.0861,0.055201,0.073377,0.11681,0.13936,0.17536,0.067685,2
269,0.099905,0.089668,0.09763,0.087201,0.05875,0.075486,0.11548,0.13624,0.16939,0.070245,2
270,0.099888,0.087723,0.097184,0.084791,0.050982,0.070869,0.11839,0.14307,0.18246,0.064642,2
271,0.099885,0.087447,0.097121,0.08445,0.049881,0.070215,0.11881,0.14404,0.18431,0.063848,2
272,0.099904,0.089486,0.097588,0.086975,0.05802,0.075052,0.11575,0.13689,0.17062,0.069718,2
273,0.099888,0.087801,0.097202,0.084888,0.051296,0.071056,0.11828,0.14279,0.18193,0.064868,2
274,0.099897,0.088708,0.09741,0.086012,0.054916,0.073207,0.11692,0.13961,0.17584,0.06748,2
275,0.099892,0.088236,0.097302,0.085427,0.053032,0.072088,0.11762,0.14127,0.17901,0.066121,2
276,0.099887,0.087638,0.097164,0.084686,0.050644,0.070668,0.11852,0.14337,0.18303,0.064398,2
277,0.099906,0.089733,0.097645,0.087281,0.059007,0.075638,0.11538,0.13602,0.16896,0.07043,2
278,0.0999,0.08911,0.097502,0.08651,0.056521,0.074161,0.11632,0.1382,0.17314,0.068637,2
279,0.0999,0.089082,0.097496,0.086475,0.056409,0.074094,0.11636,0.1383,0.17333,0.068556,2
280,0.099909,0.09008,0.097725,0.087711,0.060393,0.076462,0.11486,0.1348,0.16663,0.07143,2
281,0.099894,0.088425,0.097345,0.085661,0.053787,0.072536,0.11734,0.14061,0.17774,0.066665,2
282,0.099889,0.087904,0.097225,0.085015,0.051704,0.071298,0.11812,0.14244,0.18124,0.065162,2
283,0.099902,0.089244,0.097533,0.086676,0.057057,0.07448,0.11611,0.13773,0.17224,0.069024,2
284,0.099902,0.089291,0.097544,0.086734,0.057245,0.074591,0.11604,0.13757,0.17192,0.069159,2
285,0.099887,0.087663,0.09717,0.084717,0.050743,0.070727,0.11848,0.14328,0.18286,0.064469,2
286,0.099897,0.088743,0.097418,0.086054,0.055053,0.073289,0.11687,0.13949,0.17561,0.067579,2
287,0.099898,0.088907,0.097456,0.086258,0.05571,0.073679,0.11662,0.13892,0.1745,0.068052,2
288,0.099903,0.089453,0.097581,0.086935,0.057892,0.074976,0.1158,0.137,0.17083,0.069626,2
289,0.099908,0.089911,0.097686,0.087502,0.05972,0.076062,0.11511,0.13539,0.16776,0.070945,2
290,0.099905,0.089613,0.097617,0.087133,0.058529,0.075354,0.11556,0.13644,0.16976,0.070085,2
291,0.099902,0.0893,0.097546,0.086745,0.05728,0.074612,0.11603,0.13754,0.17186,0.069185,2
292,0.099894,0.088384,0.097335,0.08561,0.05362,0.072437,0.1174,0.14075,0.17802,0.066545,2
293,0.099897,0.08874,0.097417,0.086052,0.055045,0.073284,0.11687,0.1395,0.17562,0.067572,2
294,0.099897,0.088707,0.09741,0.086011,0.054913,0.073206,0.11692,0.13962,0.17584,0.067477,2
295,0.099898,0.088882,0.09745,0.086227,0.055609,0.073619,0.11666,0.139,0.17467,0.06798,2
296,0.099894,0.088468,0.097355,0.085714,0.053957,0.072637,0.11728,0.14046,0.17745,0.066788,2
297,0.099897,0.0888,0.097431,0.086126,0.055284,0.073426,0.11678,0.13929,0.17522,0.067745,2
298,0.099891,0.088144,0.09728,0.085312,0.052662,0.071868,0.11776,0.14159,0.17963,0.065854,2
299,0.099889,0.087867,0.097217,0.084969,0.051556,0.07121,0.11818,0.14257,0.18149,0.065056,2
300,0.026415,0.16047,0.1618,0.12636,0.071144,0.14842,0.12326,0.021818,0.13959,0.020724,3
301,0.034824,0.15356,0.15474,0.12334,0.074442,0.14289,0.1206,0.030753,0.13507,0.029783,3
302,0.035938,0.15264,0.15381,0.12294,0.074879,0.14215,0.12025,0.031936,0.13447,0.030983,3
303,0.026665,0.16026,0.16159,0.12627,0.071242,0.14826,0.12318,0.022084,0.13946,0.020993,3
304,0.026045,0.16077,0.16211,0.12649,0.070999,0.14866,0.12338,0.021426,0.13979,0.020325,3
305,0.025281,0.1614,0.16276,0.12676,0.0707,0.14917,0.12362,0.020614,0.1402,0.019502,3
306,0.035299,0.15317,0.15434,0.12317,0.074628,0.14257,0.12045,0.031258,0.13481,0.030295,3
307,0.035848,0.15272,0.15388,0.12298,0.074843,0.14221,0.12028,0.031841,0.13451,0.030886,3
308,0.034011,0.15423,0.15542,0.12363,0.074123,0.14342,0.12086,0.029889,0.1355,0.028908,3
309,0.033699,0.15448,0.15569,0.12375,0.074001,0.14363,0.12096,0.029557,0.13567,0.028571,3
310,0.028263,0.15895,0.16025,0.12569,0.071869,0.1472,0.12268,0.023783,0.1386,0.022715,3
311,0.037209,0.1516,0.15274,0.12249,0.075377,0.14132,0.11985,0.033287,0.13378,0.032353,3
312,0.025356,0.16134,0.16269,0.12673,0.070729,0.14912,0.1236,0.020694,0.14016,0.019583,3
313,0.031585,0.15622,0.15746,0.1245,0.073172,0.14502,0.12163,0.027312,0.13681,0.026294,3
314,0.035252,0.15321,0.15438,0.12319,0.07461,0.14261,0.12047,0.031207,0.13484,0.030244,3
315,0.02556,0.16117,0.16252,0.12666,0.070809,0.14898,0.12353,0.02091,0.14005,0.019802,3
316,0.034362,0.15394,0.15513,0.12351,0.074261,0.14319,0.12075,0.030262,0.13531,0.029285,3
317,0.035734,0.15281,0.15398,0.12302,0.074799,0.14229,0.12031,0.031719,0.13458,0.030763,3
318,0.024766,0.16182,0.16319,0.12695,0.070498,0.1495,0.12378,0.020067,0.14048,0.018947,3
319,0.023827,0.1626,0.16398,0.12728,0.07013,0.15012,0.12408,0.019069,0.14098,0.017936,3
320,0.028631,0.15865,0.15994,0.12556,0.072013,0.14696,0.12256,0.024173,0.1384,0.023112,3
321,0.030429,0.15717,0.15843,0.12492,0.072718,0.14578,0.12199,0.026083,0.13743,0.025048,3
322,0.035909,0.15267,0.15383,0.12295,0.074867,0.14217,0.12026,0.031906,0.13448,0.030953,3
323,0.025989,0.16082,0.16216,0.12651,0.070977,0.1487,0.1234,0.021366,0.13982,0.020264,3
324,0.036764,0.15197,0.15311,0.12265,0.075203,0.14161,0.11999,0.032814,0.13402,0.031873,3
325,0.027329,0.15972,0.16104,0.12603,0.071503,0.14782,0.12297,0.02279,0.1391,0.021709,3
326,0.035599,0.15292,0.15409,0.12307,0.074746,0.14238,0.12036,0.031577,0.13465,0.030618,3
327,0.033918,0.1543,0.1555,0.12367,0.074087,0.14348,0.12089,0.029791,0.13555,0.028808,3
328,0.031841,0.15601,0.15725,0.12441,0.073272,0.14485,0.12155,0.027583,0.13667,0.026569,3
329,0.031875,0.15598,0.15722,0.1244,0.073286,0.14483,0.12153,0.02762,0.13665,0.026607,3
330,0.036464,0.15221,0.15336,0.12276,0.075085,0.14181,0.12008,0.032496,0.13418,0.03155,3
331,0.033801,0.1544,0.1556,0.12371,0.074041,0.14356,0.12093,0.029666,0.13562,0.028682,3
332,0.026315,0.16055,0.16189,0.12639,0.071105,0.14849,0.12329,0.021712,0.13964,0.020616,3
333,0.030173,0.15738,0.15865,0.12501,0.072618,0.14595,0.12207,0.025811,0.13757,0.024772,3
334,0.029145,0.15823,0.15951,0.12538,0.072215,0.14662,0.1224,0.024719,0.13812,0.023665,3
335,0.032549,0.15543,0.15665,0.12416,0.07355,0.14438,0.12132,0.028335,0.13629,0.027332,3
336,0.030462,0.15714,0.1584,0.12491,0.072731,0.14576,0.12198,0.026118,0.13741,0.025083,3
337,0.024421,0.16211,0.16348,0.12707,0.070362,0.14973,0.12389,0.0197,0.14066,0.018576,3
338,0.024958,0.16167,0.16303,0.12688,0.070573,0.14938,0.12372,0.020271,0.14037,0.019154,3
339,0.02932,0.15808,0.15936,0.12531,0.072283,0.14651,0.12234,0.024905,0.13803,0.023853,3
340,0.028799,0.15851,0.1598,0.1255,0.072079,0.14685,0.12251,0.024352,0.13831,0.023292,3
341,0.026526,0.16038,0.16171,0.12632,0.071188,0.14835,0.12323,0.021937,0.13953,0.020843,3
342,0.034803,0.15358,0.15476,0.12335,0.074434,0.1429,0.12061,0.030731,0.13508,0.029761,3
343,0.033126,0.15495,0.15617,0.12395,0.073776,0.144,0.12114,0.028948,0.13598,0.027953,3
344,0.029085,0.15828,0.15956,0.1254,0.072191,0.14666,0.12242,0.024655,0.13815,0.0236,3
345,0.028818,0.15849,0.15978,0.12549,0.072087,0.14684,0.1225,0.024372,0.1383,0.023313,3
346,0.028968,0.15837,0.15966,0.12544,0.072145,0.14674,0.12245,0.024531,0.13822,0.023474,3
347,0.031439,0.15634,0.15758,0.12456,0.073114,0.14511,0.12167,0.027156,0.13689,0.026136,3
348,0.037294,0.15153,0.15267,0.12246,0.075411,0.14126,0.11982,0.033378,0.13374,0.032445,3
349,0.037048,0.15173,0.15287,0.12255,0.075314,0.14142,0.1199,0.033116,0.13387,0.032179,3
350,0.036037,0.15256,0.15372,0.12291,0.074917,0.14209,0.12022,0.032041,0.13441,0.03109,3
351,0.033097,0.15498,0.15619,0.12396,0.073765,0.14402,0.12115,0.028918,0.13599,0.027923,3
352,0.035556,0.15296,0.15413,0.12308,0.074729,0.14241,0.12037,0.03153,0.13467,0.030571,3
353,0.028891,0.15843,0.15972,0.12547,0.072115,0.14679,0.12248,0.024449,0.13826,0.023391,3
354,0.032124,0.15578,0.15701,0.12431,0.073383,0.14466,0.12146,0.027884,0.13652,0.026874,3
355,0.036256,0.15238,0.15354,0.12283,0.075003,0.14194,0.12015,0.032274,0.1343,0.031326,3
356,0.035165,0.15328,0.15445,0.12322,0.074575,0.14266,0.12049,0.031115,0.13488,0.03015,3
357,0.032728,0.15528,0.1565,0.12409,0.07362,0.14427,0.12126,0.028526,0.13619,0.027525,3
358,0.02519,0.16148,0.16283,0.12679,0.070664,0.14923,0.12365,0.020517,0.14025,0.019404,3
359,0.025196,0.16147,0.16283,0.12679,0.070667,0.14922,0.12365,0.020524,0.14025,0.019411,3
360,0.028574,0.1587,0.15999,0.12558,0.071991,0.147,0.12258,0.024113,0.13843,0.02305,3
361,0.030295,0.15728,0.15855,0.12497,0.072666,0.14587,0.12203,0.025941,0.1375,0.024904,3
362,0.025649,0.1611,0.16245,0.12663,0.070844,0.14892,0.1235,0.021005,0.14,0.019899,3
363,0.028801,0.15851,0.1598,0.1255,0.07208,0.14685,0.12251,0.024354,0.13831,0.023295,3
364,0.033874,0.15434,0.15554,0.12368,0.074069,0.14351,0.1209,0.029743,0.13558,0.02876,3
365,0.031366,0.1564,0.15765,0.12458,0.073086,0.14516,0.1217,0.027079,0.13693,0.026058,3
366,0.035973,0.15262,0.15378,0.12293,0.074892,0.14213,0.12024,0.031973,0.13445,0.031021,3
367,0.028805,0.15851,0.1598,0.1255,0.072082,0.14685,0.1225,0.024358,0.1383,0.023299,3
368,0.035238,0.15322,0.15439,0.1232,0.074604,0.14261,0.12047,0.031193,0.13484,0.030229,3
369,0.025114,0.16154,0.1629,0.12682,0.070634,0.14928,0.12367,0.020437,0.14029,0.019323,3
370,0.030077,0.15746,0.15873,0.12504,0.07258,0.14601,0.1221,0.025709,0.13762,0.024669,3
371,0.027853,0.15929,0.1606,0.12584,0.071708,0.14747,0.12281,0.023346,0.13882,0.022273,3
372,0.028692,0.1586,0.15989,0.12554,0.072037,0.14692,0.12254,0.024238,0.13836,0.023177,3
373,0.028304,0.15892,0.16022,0.12568,0.071885,0.14718,0.12266,0.023826,0.13857,0.022759,3
374,0.028304,0.15892,0.16022,0.12568,0.071885,0.14718,0.12266,0.023826,0.13857,0.022759,3
375,0.032193,0.15572,0.15695,0.12429,0.07341,0.14462,0.12143,0.027958,0.13648,0.026949,3
376,0.036278,0.15236,0.15352,0.12282,0.075012,0.14193,0.12014,0.032298,0.13428,0.03135,3
377,0.024596,0.16196,0.16333,0.12701,0.070431,0.14962,0.12384,0.019887,0.14057,0.018765,3
378,0.032548,0.15543,0.15665,0.12416,0.073549,0.14438,0.12132,0.028335,0.13629,0.027331,3
379,0.036432,0.15224,0.15339,0.12277,0.075072,0.14183,0.12009,0.032461,0.1342,0.031516,3
380,0.026572,0.16034,0.16167,0.1263,0.071206,0.14832,0.12321,0.021986,0.1395,0.020894,3
381,0.026413,0.16047,0.16181,0.12636,0.071144,0.14842,0.12326,0.021817,0.13959,0.020722,3
382,0.024945,0.16168,0.16304,0.12688,0.070568,0.14939,0.12372,0.020257,0.14038,0.019141,3
383,0.036518,0.15217,0.15332,0.12274,0.075106,0.14177,0.12007,0.032553,0.13415,0.031608,3
384,0.032406,0.15555,0.15677,0.12421,0.073494,0.14448,0.12137,0.028184,0.13637,0.027178,3
385,0.025558,0.16117,0.16252,0.12666,0.070808,0.14898,0.12353,0.020908,0.14005,0.019801,3
386,0.023848,0.16258,0.16396,0.12727,0.070138,0.15011,0.12407,0.019092,0.14097,0.017959,3
387,0.027319,0.15973,0.16104,0.12603,0.071499,0.14782,0.12297,0.022779,0.1391,0.021698,3
388,0.025337,0.16136,0.16271,0.12674,0.070722,0.14913,0.1236,0.020673,0.14017,0.019562,3
389,0.033256,0.15485,0.15606,0.12391,0.073827,0.14392,0.1211,0.029087,0.13591,0.028094,3
390,0.028515,0.15874,0.16004,0.1256,0.071968,0.14704,0.1226,0.02405,0.13846,0.022986,3
391,0.026358,0.16052,0.16185,0.12638,0.071122,0.14846,0.12328,0.021758,0.13962,0.020662,3
392,0.037321,0.15151,0.15264,0.12245,0.075421,0.14124,0.11981,0.033406,0.13372,0.032474,3
393,0.027271,0.15977,0.16108,0.12605,0.07148,0.14786,0.12299,0.022729,0.13913,0.021646,3
394,0.02812,0.15907,0.16037,0.12574,0.071813,0.1473,0.12272,0.02363,0.13867,0.02256,3
395,0.032648,0.15535,0.15657,0.12412,0.073589,0.14432,0.12129,0.028441,0.13624,0.027439,3
396,0.027332,0.15972,0.16103,0.12603,0.071504,0.14782,0.12297,0.022793,0.1391,0.021712,3
397,0.030493,0.15712,0.15838,0.12489,0.072744,0.14574,0.12197,0.026152,0.1374,0.025118,3
398,0.035617,0.15291,0.15408,0.12306,0.074753,0.14237,0.12035,0.031595,0.13464,0.030637,3
399,0.028862,0.15846,0.15975,0.12548,0.072104,0.14681,0.12249,0.024418,0.13827,0.02336,3
400,0.046168,0.10449,0.17931,0.16122,0.13733,0.017159,0.039184,0.053004,0.10194,0.16019,4
401,0.044463,0.10463,0.18182,0.16316,0.13851,0.014536,0.037258,0.051516,0.102,0.1621,4
402,0.045545,0.10454,0.18023,0.16193,0.13776,0.016201,0.03848,0.052461,0.10197,0.16089,4
403,0.046723,0.10445,0.1785,0.16059,0.13694,0.018013,0.039811,0.053489,0.10192,0.15957,4
404,0.045234,0.10457,0.18069,0.16228,0.13797,0.015722,0.038128,0.052189,0.10198,0.16124,4
405,0.046685,0.10445,0.17855,0.16063,0.13697,0.017955,0.039768,0.053456,0.10192,0.15961,4
406,0.048792,0.10427,0.17545,0.15824,0.13551,0.021197,0.042148,0.055295,0.10185,0.15726,4
407,0.044945,0.10459,0.18111,0.16261,0.13817,0.015278,0.037802,0.051937,0.10199,0.16156,4
408,0.040775,0.10494,0.18726,0.16735,0.14106,0.0088607,0.033091,0.048297,0.10214,0.16622,4
409,0.045796,0.10452,0.17986,0.16164,0.13758,0.016587,0.038764,0.05268,0.10196,0.16061,4
410,0.045701,0.10453,0.18,0.16175,0.13765,0.016442,0.038657,0.052597,0.10196,0.16071,4
411,0.047111,0.10441,0.17792,0.16015,0.13667,0.018611,0.04025,0.053828,0.10191,0.15914,4
412,0.045325,0.10456,0.18055,0.16218,0.13791,0.015863,0.038232,0.052269,0.10197,0.16113,4
413,0.047079,0.10442,0.17797,0.16018,0.13669,0.018561,0.040213,0.0538,0.10191,0.15917,4
414,0.049746,0.10419,0.17404,0.15715,0.13484,0.022665,0.043226,0.056128,0.10181,0.15619,4
415,0.041418,0.10489,0.18631,0.16662,0.14062,0.0098497,0.033817,0.048858,0.10211,0.1655,4
416,0.043561,0.10471,0.18315,0.16419,0.13913,0.013147,0.036238,0.050728,0.10204,0.16311,4
417,0.04727,0.1044,0.17769,0.15997,0.13656,0.018856,0.040429,0.053967,0.1019,0.15896,4
418,0.044688,0.10462,0.18149,0.1629,0.13835,0.014881,0.037511,0.051712,0.102,0.16185,4
419,0.051568,0.10404,0.17136,0.15508,0.13358,0.025469,0.045284,0.057719,0.10175,0.15415,4
420,0.04557,0.10454,0.18019,0.1619,0.13774,0.016239,0.038508,0.052482,0.10196,0.16086,4
421,0.040661,0.10495,0.18743,0.16748,0.14114,0.0086854,0.032963,0.048197,0.10214,0.16635,4
422,0.046237,0.10449,0.17921,0.16114,0.13728,0.017266,0.039262,0.053065,0.10194,0.16011,4
423,0.04417,0.10466,0.18226,0.16349,0.13871,0.014085,0.036927,0.05126,0.10202,0.16242,4
424,0.043387,0.10472,0.18341,0.16438,0.13925,0.012879,0.036042,0.050576,0.10204,0.1633,4
425,0.046256,0.10448,0.17918,0.16112,0.13726,0.017294,0.039283,0.053081,0.10194,0.16009,4
426,0.051537,0.10404,0.1714,0.15511,0.1336,0.025422,0.04525,0.057692,0.10175,0.15419,4
427,0.045734,0.10453,0.17995,0.16171,0.13763,0.016492,0.038694,0.052626,0.10196,0.16068,4
428,0.047076,0.10442,0.17798,0.16019,0.1367,0.018556,0.040209,0.053797,0.10191,0.15918,4
429,0.048763,0.10428,0.17549,0.15827,0.13553,0.021153,0.042115,0.05527,0.10185,0.15729,4
430,0.043872,0.10468,0.1827,0.16383,0.13892,0.013626,0.036589,0.051,0.10203,0.16276,4
431,0.051798,0.10402,0.17102,0.15482,0.13342,0.025823,0.045544,0.057919,0.10174,0.1539,4
432,0.041778,0.10486,0.18578,0.16621,0.14037,0.010404,0.034225,0.049172,0.1021,0.1651,4
433,0.043904,0.10468,0.18265,0.16379,0.13889,0.013676,0.036626,0.051028,0.10202,0.16272,4
434,0.051328,0.10406,0.17171,0.15535,0.13375,0.0251,0.045013,0.057509,0.10176,0.15442,4
435,0.050799,0.10411,0.17249,0.15595,0.13411,0.024286,0.044416,0.057048,0.10178,0.15501,4
436,0.051098,0.10408,0.17205,0.15561,0.13391,0.024746,0.044753,0.057308,0.10177,0.15468,4
437,0.045458,0.10455,0.18036,0.16203,0.13782,0.016067,0.038382,0.052385,0.10197,0.16098,4
438,0.05149,0.10405,0.17147,0.15517,0.13363,0.02535,0.045197,0.057651,0.10175,0.15424,4
439,0.042969,0.10476,0.18403,0.16486,0.13954,0.012236,0.035569,0.050212,0.10206,0.16377,4
440,0.050439,0.10414,0.17302,0.15636,0.13436,0.023731,0.044008,0.056733,0.10179,0.15542,4
