0.050863,0.15188,0.081148,0.19877,0.2087,0.021381,0.10956,0.028792,0.015971,0.13294,1
0.055057,0.14745,0.082757,0.19034,0.19942,0.028091,0.10874,0.03487,0.023143,0.13013,1
0.052768,0.14987,0.081879,0.19494,0.20448,0.024429,0.10919,0.031553,0.019229,0.13166,1
0.053779,0.1488,0.082267,0.19291,0.20225,0.026047,0.10899,0.033018,0.020957,0.13098,1
0.053576,0.14902,0.082189,0.19332,0.2027,0.025722,0.10903,0.032723,0.02061,0.13112,1
0.053377,0.14923,0.082113,0.19372,0.20314,0.025404,0.10907,0.032435,0.02027,0.13125,1
0.055617,0.14686,0.082972,0.18921,0.19818,0.028988,0.10863,0.035681,0.024101,0.12975,1
0.054964,0.14755,0.082722,0.19053,0.19963,0.027943,0.10876,0.034735,0.022984,0.13019,1
0.055081,0.14743,0.082767,0.19029,0.19937,0.02813,0.10874,0.034905,0.023184,0.13011,1
0.04916,0.15368,0.080495,0.20219,0.21246,0.018656,0.10989,0.026324,0.013058,0.13408,1
0.055286,0.14721,0.082845,0.18988,0.19891,0.028458,0.1087,0.035201,0.023534,0.12997,1
0.050164,0.15262,0.08088,0.20017,0.21024,0.020263,0.10969,0.027779,0.014776,0.13341,1
0.053005,0.14962,0.08197,0.19446,0.20396,0.024808,0.10914,0.031896,0.019634,0.1315,1
0.053618,0.14897,0.082205,0.19323,0.2026,0.025789,0.10902,0.032784,0.020682,0.13109,1
0.049976,0.15282,0.080808,0.20055,0.21066,0.019962,0.10973,0.027506,0.014454,0.13353,1
0.049738,0.15307,0.080717,0.20103,0.21119,0.019582,0.10978,0.027162,0.014047,0.13369,1
0.054389,0.14816,0.082501,0.19168,0.2009,0.027022,0.10887,0.033902,0.022,0.13058,1
0.049372,0.15345,0.080576,0.20177,0.212,0.018996,0.10985,0.026632,0.013421,0.13394,1
0.049744,0.15306,0.080719,0.20102,0.21117,0.019591,0.10978,0.02717,0.014057,0.13369,1
0.055696,0.14678,0.083003,0.18905,0.198,0.029115,0.10862,0.035797,0.024237,0.1297,1
0.050845,0.1519,0.081141,0.19881,0.20874,0.021352,0.10956,0.028766,0.01594,0.13295,1
0.052618,0.15003,0.081822,0.19524,0.20481,0.02419,0.10922,0.031336,0.018972,0.13176,1
0.053117,0.1495,0.082013,0.19424,0.20371,0.024988,0.10912,0.032058,0.019825,0.13143,1
0.054628,0.1479,0.082593,0.1912,0.20037,0.027406,0.10883,0.034249,0.02241,0.13041,1
0.055314,0.14718,0.082856,0.18982,0.19885,0.028503,0.10869,0.035243,0.023583,0.12995,1
0.053639,0.14895,0.082213,0.19319,0.20256,0.025823,0.10902,0.032815,0.020718,0.13108,1
0.054583,0.14795,0.082576,0.19129,0.20047,0.027334,0.10884,0.034184,0.022333,0.13044,1
0.050092,0.15269,0.080853,0.20032,0.2104,0.020149,0.10971,0.027676,0.014653,0.13346,1
0.050246,0.15253,0.080912,0.20001,0.21006,0.020395,0.10968,0.027899,0.014916,0.13335,1
0.054236,0.14832,0.082442,0.19199,0.20124,0.026778,0.1089,0.03368,0.021739,0.13068,1
0.049276,0.15356,0.080539,0.20196,0.21221,0.018842,0.10987,0.026493,0.013257,0.134,1
0.051862,0.15083,0.081532,0.19676,0.20649,0.02298,0.10936,0.03024,0.01768,0.13227,1
0.052532,0.15012,0.081789,0.19541,0.20501,0.024051,0.10923,0.03121,0.018825,0.13182,1
0.049834,0.15297,0.080753,0.20084,0.21097,0.019734,0.10976,0.027301,0.014211,0.13363,1
0.051423,0.15129,0.081363,0.19764,0.20746,0.022278,0.10945,0.029604,0.01693,0.13256,1
0.05309,0.14953,0.082003,0.19429,0.20377,0.024945,0.10913,0.03202,0.01978,0.13145,1
0.050465,0.1523,0.080996,0.19957,0.20958,0.020746,0.10964,0.028216,0.015291,0.13321,1
0.055643,0.14683,0.082982,0.18916,0.19812,0.029029,0.10863,0.035719,0.024145,0.12973,1
0.050769,0.15198,0.081112,0.19896,0.2089,0.021231,0.10958,0.028656,0.01581,0.133,1
0.049435,0.15339,0.080601,0.20164,0.21186,0.019097,0.10984,0.026723,0.01353,0.1339,1
0.055917,0.14654,0.083087,0.18861,0.19752,0.029468,0.10858,0.036116,0.024614,0.12955,1
0.049175,0.15366,0.080501,0.20216,0.21243,0.018681,0.10989,0.026346,0.013085,0.13407,1
0.055627,0.14685,0.082976,0.18919,0.19816,0.029005,0.10863,0.035697,0.024119,0.12974,1
0.054975,0.14754,0.082726,0.1905,0.1996,0.027961,0.10876,0.034751,0.023003,0.13018,1
0.049493,0.15333,0.080623,0.20152,0.21173,0.01919,0.10983,0.026807,0.013629,0.13386,1
0.054269,0.14828,0.082455,0.19192,0.20116,0.026831,0.1089,0.033729,0.021796,0.13066,1
0.070062,0.10002,0.036023,0.15639,0.11664,0.11185,0.063138,0.10699,0.072745,0.16614,2
0.073879,0.10002,0.044181,0.1492,0.11452,0.11034,0.067838,0.1061,0.07622,0.15771,2
0.073089,0.10002,0.042492,0.15069,0.11496,0.11065,0.066865,0.10628,0.075501,0.15945,2
0.071869,0.10002,0.039885,0.15299,0.11564,0.11113,0.065363,0.10657,0.07439,0.16215,2
0.069806,0.10002,0.035476,0.15687,0.11679,0.11195,0.062823,0.10705,0.072512,0.16671,2
0.069951,0.10002,0.035786,0.1566,0.11671,0.11189,0.063001,0.10701,0.072644,0.16639,2
0.073205,0.10002,0.04274,0.15047,0.1149,0.1106,0.067008,0.10625,0.075606,0.1592,2
0.070848,0.10002,0.037704,0.15491,0.11621,0.11154,0.064106,0.1068,0.073461,0.1644,2
0.068598,0.10002,0.032894,0.15915,0.11746,0.11243,0.061335,0.10733,0.071412,0.16938,2
0.072051,0.10002,0.040273,0.15265,0.11554,0.11106,0.065587,0.10652,0.074556,0.16175,2
0.070671,0.10002,0.037325,0.15524,0.11631,0.11161,0.063888,0.10685,0.0733,0.1648,2
0.068734,0.10002,0.033185,0.15889,0.11738,0.11237,0.061502,0.1073,0.071536,0.16908,2
0.072336,0.10002,0.040883,0.15211,0.11538,0.11095,0.065938,0.10646,0.074815,0.16112,2
0.073072,0.10002,0.042456,0.15072,0.11497,0.11066,0.066845,0.10629,0.075486,0.15949,2
0.070374,0.10002,0.036689,0.1558,0.11647,0.11172,0.063522,0.10692,0.073029,0.16545,2
0.073834,0.10002,0.044085,0.14929,0.11455,0.11035,0.067783,0.10611,0.076179,0.15781,2
0.070681,0.10002,0.037346,0.15523,0.1163,0.1116,0.0639,0.10684,0.073309,0.16477,2
0.072539,0.10002,0.041316,0.15173,0.11527,0.11087,0.066188,0.10641,0.075,0.16067,2
0.072669,0.10002,0.041595,0.15148,0.11519,0.11082,0.066348,0.10638,0.075119,0.16038,2
0.070355,0.10002,0.036649,0.15584,0.11648,0.11173,0.063499,0.10692,0.073012,0.16549,2
0.070094,0.10002,0.036091,0.15633,0.11663,0.11183,0.063177,0.10698,0.072774,0.16607,2
0.073369,0.10002,0.043091,0.15016,0.11481,0.11054,0.06721,0.10622,0.075756,0.15884,2
0.070075,0.10002,0.03605,0.15637,0.11664,0.11184,0.063153,0.10699,0.072756,0.16611,2
0.071266,0.10002,0.038597,0.15412,0.11597,0.11137,0.064621,0.10671,0.073841,0.16348,2
0.073037,0.10002,0.042381,0.15079,0.11499,0.11067,0.066801,0.10629,0.075453,0.15957,2
0.068413,0.10002,0.0325,0.1595,0.11756,0.1125,0.061108,0.10737,0.071244,0.16978,2
0.072762,0.10002,0.041792,0.15131,0.11514,0.11078,0.066462,0.10636,0.075203,0.16018,2
0.070176,0.10002,0.036267,0.15618,0.11658,0.1118,0.063278,0.10696,0.072849,0.16589,2
0.069823,0.10002,0.035512,0.15684,0.11678,0.11194,0.062843,0.10704,0.072527,0.16667,2
0.071966,0.10002,0.040092,0.15281,0.11559,0.11109,0.065482,0.10654,0.074478,0.16194,2
0.07363,0.10002,0.043649,0.14967,0.11466,0.11044,0.067532,0.10616,0.075994,0.15826,2
0.073123,0.10002,0.042565,0.15063,0.11494,0.11064,0.066907,0.10627,0.075532,0.15938,2
0.073473,0.10002,0.043314,0.14997,0.11475,0.1105,0.067339,0.10619,0.075851,0.1586,2
0.071425,0.10002,0.038935,0.15383,0.11589,0.11131,0.064816,0.10667,0.073985,0.16313,2
0.069857,0.10002,0.035586,0.15678,0.11676,0.11193,0.062886,0.10704,0.072559,0.16659,2
0.068617,0.10002,0.032936,0.15911,0.11745,0.11242,0.061359,0.10733,0.07143,0.16933,2
0.070676,0.10002,0.037335,0.15524,0.1163,0.1116,0.063894,0.10684,0.073304,0.16479,2
0.069452,0.10002,0.03472,0.15754,0.11698,0.11209,0.062387,0.10713,0.07219,0.16749,2
0.073133,0.10002,0.042587,0.15061,0.11494,0.11063,0.06692,0.10627,0.075541,0.15936,2
0.072977,0.10002,0.042252,0.1509,0.11502,0.11069,0.066727,0.10631,0.075399,0.1597,2
0.068991,0.10002,0.033735,0.15841,0.11724,0.11227,0.06182,0.10724,0.07177,0.16851,2
0.071309,0.10002,0.038689,0.15404,0.11595,0.11135,0.064674,0.1067,0.073881,0.16339,2
0.073416,0.10002,0.043192,0.15007,0.11478,0.11052,0.067268,0.10621,0.075799,0.15873,2
0.072361,0.10002,0.040936,0.15206,0.11537,0.11094,0.065968,0.10645,0.074838,0.16106,2
0.073784,0.10002,0.043977,0.14938,0.11458,0.11037,0.067721,0.10612,0.076134,0.15792,2
0.073705,0.10002,0.043808,0.14953,0.11462,0.11041,0.067623,0.10614,0.076061,0.15809,2
0.069038,0.10002,0.033836,0.15832,0.11721,0.11225,0.061878,0.10723,0.071813,0.1684,2
0.070554,0.10002,0.037076,0.15546,0.11637,0.11165,0.063744,0.10687,0.073193,0.16505,2
0.069291,0.10002,0.034377,0.15784,0.11707,0.11215,0.062189,0.10717,0.072044,0.16784,2
0.071588,0.10002,0.039284,0.15352,0.1158,0.11124,0.065017,0.10663,0.074134,0.16277,2
0.068488,0.10002,0.032661,0.15936,0.11752,0.11247,0.061201,0.10736,0.071313,0.16962,2
0.068462,0.10002,0.032603,0.15941,0.11753,0.11248,0.061168,0.10736,0.071288,0.16968,2
0.068726,0.10002,0.033169,0.15891,0.11739,0.11238,0.061493,0.1073,0.071529,0.16909,2
0.069278,0.10002,0.034349,0.15787,0.11708,0.11216,0.062173,0.10717,0.072032,0.16787,2
0.071142,0.10002,0.038331,0.15436,0.11604,0.11142,0.064468,0.10674,0.073728,0.16376,2
0.072597,0.10002,0.04144,0.15162,0.11524,0.11084,0.066259,0.1064,0.075053,0.16054,2
0.073376,0.10002,0.043105,0.15015,0.1148,0.11054,0.067218,0.10621,0.075762,0.15882,2
0.071614,0.10002,0.039339,0.15347,0.11578,0.11123,0.065049,0.10663,0.074158,0.16271,2
0.071074,0.10002,0.038186,0.15449,0.11608,0.11145,0.064384,0.10675,0.073666,0.16391,2
0.071893,0.10002,0.039936,0.15294,0.11563,0.11112,0.065392,0.10656,0.074412,0.1621,2
0.073317,0.10002,0.042978,0.15026,0.11483,0.11056,0.067145,0.10623,0.075708,0.15895,2
0.073072,0.10002,0.042457,0.15072,0.11497,0.11066,0.066845,0.10629,0.075486,0.15949,2
0.069804,0.10002,0.035471,0.15688,0.11679,0.11195,0.06282,0.10705,0.07251,0.16671,2
0.073781,0.10002,0.043972,0.14939,0.11458,0.11038,0.067718,0.10612,0.076131,0.15792,2
0.068373,0.10002,0.032413,0.15957,0.11758,0.11252,0.061058,0.10738,0.071207,0.16987,2
0.073873,0.10002,0.044167,0.14921,0.11453,0.11034,0.06783,0.1061,0.076214,0.15772,2
0.073361,0.10002,0.043073,0.15018,0.11481,0.11054,0.0672,0.10622,0.075748,0.15885,2
0.07106,0.10002,0.038157,0.15451,0.11609,0.11145,0.064367,0.10675,0.073654,0.16394,2
0.073649,0.10002,0.043689,0.14963,0.11465,0.11043,0.067555,0.10615,0.076011,0.15822,2
0.069142,0.10002,0.034058,0.15812,0.11716,0.11221,0.062006,0.1072,0.071908,0.16817,2
0.070759,0.10002,0.037513,0.15508,0.11626,0.11157,0.063997,0.10683,0.07338,0.1646,2
0.07259,0.10002,0.041425,0.15163,0.11524,0.11085,0.06625,0.1064,0.075046,0.16056,2
0.071548,0.10002,0.0392,0.15359,0.11582,0.11126,0.064968,0.10664,0.074098,0.16286,2
0.07401,0.10002,0.044461,0.14895,0.11445,0.11028,0.068,0.10607,0.07634,0.15742,2
0.069872,0.10002,0.035617,0.15675,0.11675,0.11192,0.062904,0.10703,0.072572,0.16656,2
0.071898,0.10002,0.039948,0.15293,0.11562,0.11112,0.065399,0.10656,0.074417,0.16208,2
0.072297,0.10002,0.0408,0.15218,0.1154,0.11096,0.06589,0.10647,0.07478,0.1612,2
0.072687,0.10002,0.041634,0.15145,0.11518,0.11081,0.066371,0.10638,0.075135,0.16034,2
0.073253,0.10002,0.042843,0.15038,0.11487,0.11058,0.067067,0.10624,0.07565,0.15909,2
0.069826,0.10002,0.035519,0.15684,0.11678,0.11194,0.062848,0.10704,0.07253,0.16666,2
0.068638,0.10002,0.032979,0.15907,0.11744,0.11241,0.061384,0.10732,0.071448,0.16929,2
0.073649,0.10002,0.043689,0.14963,0.11465,0.11043,0.067555,0.10615,0.076011,0.15822,2
0.073531,0.10002,0.043437,0.14986,0.11472,0.11047,0.06741,0.10618,0.075903,0.15848,2
0.073716,0.10002,0.043832,0.14951,0.11461,0.1104,0.067637,0.10614,0.076072,0.15807,2
0.06852,0.10002,0.032727,0.1593,0.1175,0.11246,0.061239,0.10735,0.071341,0.16955,2
0.073821,0.10002,0.044057,0.14931,0.11455,0.11036,0.067767,0.10611,0.076168,0.15784,2
0.069692,0.10002,0.035234,0.15709,0.11685,0.11199,0.062683,0.10707,0.072409,0.16696,2
0.071319,0.10002,0.038709,0.15402,0.11595,0.11135,0.064685,0.10669,0.073889,0.16337,2
0.073422,0.10002,0.043203,0.15006,0.11478,0.11052,0.067275,0.1062,0.075804,0.15872,2
0.069253,0.10002,0.034295,0.15792,0.11709,0.11217,0.062142,0.10718,0.072009,0.16793,2
0.068439,0.10002,0.032555,0.15945,0.11755,0.11249,0.06114,0.10737,0.071268,0.16973,2
0.069657,0.10002,0.035157,0.15716,0.11687,0.11201,0.062639,0.10708,0.072376,0.16704,2
0.070238,0.10002,0.036399,0.15606,0.11655,0.11178,0.063355,0.10695,0.072905,0.16575,2
0.072069,0.10002,0.040312,0.15261,0.11553,0.11105,0.065609,0.10652,0.074572,0.16171,2
0.073893,0.10002,0.04421,0.14918,0.11451,0.11033,0.067855,0.10609,0.076233,0.15768,2
0.071544,0.10002,0.03919,0.1536,0.11582,0.11126,0.064962,0.10664,0.074094,0.16287,2
0.068748,0.10002,0.033216,0.15887,0.11737,0.11237,0.061521,0.10729,0.071549,0.16904,2
0.069172,0.10002,0.034121,0.15807,0.11714,0.1122,0.062042,0.1072,0.071935,0.16811,2
0.072082,0.10002,0.04034,0.15259,0.11552,0.11105,0.065625,0.10652,0.074584,0.16168,2
0.071925,0.10002,0.040005,0.15288,0.11561,0.11111,0.065432,0.10655,0.074441,0.16203,2
0.028979,0.075983,0.18076,0.039304,0.070698,0.11476,0.11644,0.16725,0.028979,0.17684,2
0.020581,0.073143,0.19031,0.032127,0.067233,0.11651,0.11839,0.1752,0.020581,0.18593,2
0.017829,0.072212,0.19344,0.029775,0.066098,0.11708,0.11903,0.17781,0.017829,0.18891,2
0.029713,0.076231,0.17993,0.039932,0.071001,0.11461,0.11627,0.16655,0.029713,0.17605,2
0.028463,0.075808,0.18135,0.038863,0.070485,0.11487,0.11656,0.16774,0.028463,0.1774,2
0.017652,0.072153,0.19364,0.029624,0.066025,0.11712,0.11907,0.17797,0.017652,0.1891,2
0.027558,0.075502,0.18238,0.03809,0.070112,0.11506,0.11677,0.16859,0.027558,0.17838,2
0.011168,0.06996,0.20101,0.024083,0.063349,0.11846,0.12057,0.18411,0.011168,0.19611,2
0.021133,0.07333,0.18968,0.032599,0.067461,0.11639,0.11826,0.17468,0.021133,0.18533,2
0.015923,0.071568,0.19561,0.028146,0.065311,0.11748,0.11947,0.17961,0.015923,0.19097,2
0.029127,0.076033,0.18059,0.039431,0.070759,0.11473,0.11641,0.16711,0.029127,0.17668,2
0.02809,0.075682,0.18177,0.038544,0.070331,0.11495,0.11665,0.16809,0.02809,0.1778,2
0.024737,0.074549,0.18558,0.035679,0.068948,0.11564,0.11743,0.17126,0.024737,0.18143,2
0.026904,0.075281,0.18312,0.037531,0.069842,0.11519,0.11693,0.16921,0.026904,0.17909,2
0.020606,0.073152,0.19028,0.032148,0.067243,0.1165,0.11838,0.17518,0.020606,0.1859,2
0.023457,0.074116,0.18704,0.034585,0.06842,0.11591,0.11772,0.17248,0.023457,0.18282,2
0.022385,0.073753,0.18826,0.033669,0.067977,0.11613,0.11797,0.17349,0.022385,0.18398,2
0.025333,0.07475,0.18491,0.036188,0.069194,0.11552,0.11729,0.1707,0.025333,0.18079,2
0.021394,0.073418,0.18939,0.032822,0.067568,0.11634,0.1182,0.17443,0.021394,0.18505,2
0.013417,0.070721,0.19846,0.026005,0.064277,0.118,0.12005,0.18198,0.013417,0.19368,2
0.028923,0.075964,0.18082,0.039256,0.070675,0.11477,0.11646,0.1673,0.028923,0.1769,2
0.018165,0.072326,0.19306,0.030062,0.066236,0.11701,0.11895,0.17749,0.018165,0.18854,2
0.023323,0.07407,0.18719,0.034471,0.068364,0.11594,0.11775,0.1726,0.023323,0.18296,2
0.026506,0.075147,0.18357,0.03719,0.069678,0.11528,0.11702,0.16959,0.026506,0.17952,2
0.027081,0.075341,0.18292,0.037682,0.069915,0.11516,0.11688,0.16905,0.027081,0.17889,2
0.029675,0.076218,0.17997,0.039899,0.070985,0.11462,0.11628,0.16659,0.029675,0.17609,2
0.018955,0.072593,0.19216,0.030737,0.066562,0.11685,0.11877,0.17674,0.018955,0.18769,2
0.012926,0.070554,0.19901,0.025585,0.064075,0.1181,0.12016,0.18245,0.012926,0.19421,2
0.027874,0.07561,0.18202,0.03836,0.070242,0.11499,0.1167,0.16829,0.027874,0.17804,2
0.023091,0.073992,0.18746,0.034272,0.068269,0.11599,0.11781,0.17282,0.023091,0.18321,2
0.023152,0.074012,0.18739,0.034324,0.068294,0.11597,0.11779,0.17277,0.023152,0.18315,2
0.022699,0.07386,0.1879,0.033938,0.068107,0.11607,0.1179,0.17319,0.022699,0.18364,2
0.027644,0.075532,0.18228,0.038164,0.070147,0.11504,0.11675,0.16851,0.027644,0.17829,2
0.028603,0.075856,0.18119,0.038983,0.070543,0.11484,0.11653,0.1676,0.028603,0.17725,2
0.023832,0.074243,0.18661,0.034906,0.068575,0.11583,0.11764,0.17212,0.023832,0.18241,2
0.021022,0.073292,0.18981,0.032504,0.067415,0.11642,0.11829,0.17478,0.021022,0.18545,2
0.030685,0.07656,0.17882,0.040762,0.071402,0.11441,0.11605,0.16563,0.030685,0.175,2
0.02836,0.075774,0.18146,0.038775,0.070443,0.11489,0.11659,0.16783,0.02836,0.17751,2
0.014631,0.071131,0.19708,0.027042,0.064778,0.11774,0.11977,0.18083,0.014631,0.19237,2
0.013942,0.070898,0.19786,0.026453,0.064494,0.11789,0.11993,0.18149,0.013942,0.19311,2
0.010142,0.069613,0.20218,0.023206,0.062926,0.11868,0.12081,0.18508,0.010142,0.19722,2
0.01249,0.070407,0.19951,0.025212,0.063895,0.11819,0.12026,0.18286,0.01249,0.19468,2
0.02575,0.074891,0.18443,0.036544,0.069366,0.11543,0.11719,0.17031,0.02575,0.18034,2
0.02563,0.07485,0.18457,0.036442,0.069316,0.11546,0.11722,0.17042,0.02563,0.18047,2
0.011785,0.070169,0.20031,0.02461,0.063604,0.11834,0.12043,0.18353,0.011785,0.19544,2
0.02397,0.074289,0.18646,0.035024,0.068632,0.1158,0.1176,0.17199,0.02397,0.18226,2
0.028399,0.075787,0.18142,0.038808,0.070459,0.11488,0.11658,0.1678,0.028399,0.17747,2
0.025838,0.074921,0.18433,0.03662,0.069402,0.11542,0.11717,0.17022,0.025838,0.18024,2
0.021415,0.073425,0.18936,0.03284,0.067577,0.11633,0.1182,0.17441,0.021415,0.18503,2
0.020079,0.072973,0.19088,0.031698,0.067026,0.11661,0.11851,0.17568,0.020079,0.18647,2
0.010668,0.069791,0.20158,0.023655,0.063143,0.11857,0.12068,0.18459,0.010668,0.19665,2
0.027677,0.075543,0.18224,0.038192,0.070161,0.11503,0.11675,0.16848,0.027677,0.17825,2
0.012914,0.07055,0.19903,0.025575,0.06407,0.1181,0.12016,0.18246,0.012914,0.19422,2
0.020607,0.073152,0.19028,0.03215,0.067244,0.1165,0.11838,0.17518,0.020607,0.1859,2
0.030166,0.076384,0.17941,0.040318,0.071188,0.11452,0.11617,0.16612,0.030166,0.17556,2
0.013139,0.070627,0.19877,0.025767,0.064163,0.11805,0.12011,0.18225,0.013139,0.19398,2
0.022667,0.073848,0.18794,0.03391,0.068094,0.11607,0.11791,0.17323,0.022667,0.18367,2
0.01057,0.069758,0.20169,0.023571,0.063103,0.11859,0.12071,0.18468,0.01057,0.19676,2
0.029737,0.076239,0.1799,0.039952,0.071011,0.1146,0.11627,0.16653,0.029737,0.17602,2
0.028678,0.075881,0.1811,0.039047,0.070574,0.11482,0.11651,0.16753,0.028678,0.17717,2
0.028444,0.075802,0.18137,0.038847,0.070477,0.11487,0.11657,0.16775,0.028444,0.17742,2
0.018801,0.072541,0.19233,0.030606,0.066499,0.11688,0.1188,0.17689,0.018801,0.18785,2
0.020246,0.07303,0.19069,0.031841,0.067095,0.11658,0.11847,0.17552,0.020246,0.18629,2
0.019161,0.072663,0.19192,0.030913,0.066647,0.1168,0.11872,0.17655,0.019161,0.18746,2
0.016097,0.071627,0.19541,0.028295,0.065383,0.11744,0.11943,0.17945,0.016097,0.19078,2
0.018861,0.072561,0.19227,0.030657,0.066523,0.11687,0.11879,0.17683,0.018861,0.18779,2
0.011619,0.070112,0.2005,0.024468,0.063535,0.11837,0.12046,0.18369,0.011619,0.19562,2
0.014403,0.071054,0.19733,0.026847,0.064684,0.11779,0.11982,0.18105,0.014403,0.19261,2
0.011554,0.07009,0.20057,0.024412,0.063509,0.11838,0.12048,0.18375,0.011554,0.19569,2
0.010926,0.069878,0.20129,0.023876,0.06325,0.11851,0.12062,0.18434,0.010926,0.19637,2
0.014019,0.070924,0.19777,0.026519,0.064526,0.11787,0.11991,0.18141,0.014019,0.19303,2
0.028061,0.075673,0.1818,0.03852,0.070319,0.11495,0.11666,0.16812,0.028061,0.17783,2
0.026866,0.075269,0.18316,0.037498,0.069826,0.1152,0.11693,0.16925,0.026866,0.17913,2
0.015924,0.071568,0.19561,0.028147,0.065312,0.11748,0.11947,0.17961,0.015924,0.19097,2
0.020269,0.073038,0.19066,0.031861,0.067104,0.11657,0.11846,0.1755,0.020269,0.18627,2
0.023777,0.074224,0.18667,0.034859,0.068552,0.11584,0.11765,0.17217,0.023777,0.18247,2
0.017983,0.072265,0.19326,0.029907,0.066161,0.11705,0.11899,0.17766,0.017983,0.18874,2
0.029333,0.076103,0.18036,0.039607,0.070844,0.11469,0.11636,0.16691,0.029333,0.17646,2
0.015338,0.07137,0.19627,0.027646,0.06507,0.1176,0.1196,0.18016,0.015338,0.1916,2
0.021576,0.07348,0.18918,0.032978,0.067644,0.1163,0.11816,0.17426,0.021576,0.18485,2
0.017412,0.072071,0.19391,0.029419,0.065926,0.11717,0.11912,0.1782,0.017412,0.18936,2
0.024154,0.074352,0.18625,0.035181,0.068707,0.11577,0.11756,0.17182,0.024154,0.18206,2
0.026798,0.075246,0.18324,0.03744,0.069798,0.11522,0.11695,0.16931,0.026798,0.1792,2
0.02393,0.074276,0.1865,0.034989,0.068615,0.11581,0.11761,0.17203,0.02393,0.1823,2
0.011556,0.070091,0.20057,0.024414,0.06351,0.11838,0.12048,0.18375,0.011556,0.19569,2
0.02892,0.075963,0.18083,0.039253,0.070673,0.11477,0.11646,0.1673,0.02892,0.17691,2
0.013713,0.070821,0.19812,0.026258,0.0644,0.11794,0.11998,0.1817,0.013713,0.19336,2
0.010265,0.069654,0.20204,0.02331,0.062977,0.11865,0.12078,0.18497,0.010265,0.19709,2
0.026013,0.07498,0.18413,0.03677,0.069474,0.11538,0.11713,0.17006,0.026013,0.18005,2
0.012133,0.070286,0.19992,0.024907,0.063748,0.11826,0.12035,0.1832,0.012133,0.19507,2
0.02549,0.074803,0.18473,0.036323,0.069259,0.11549,0.11725,0.17055,0.02549,0.18062,2
0.024605,0.074504,0.18573,0.035566,0.068893,0.11567,0.11746,0.17139,0.024605,0.18157,2
0.018638,0.072486,0.19252,0.030466,0.066431,0.11691,0.11884,0.17704,0.018638,0.18803,2
0.01031,0.06967,0.20199,0.02335,0.062996,0.11864,0.12077,0.18493,0.01031,0.19704,2
0.026417,0.075117,0.18367,0.037114,0.069641,0.11529,0.11704,0.16967,0.026417,0.17961,2
0.014079,0.070944,0.1977,0.02657,0.064551,0.11786,0.11989,0.18136,0.014079,0.19296,2
0.021603,0.073489,0.18915,0.033,0.067655,0.1163,0.11815,0.17423,0.021603,0.18482,2
0.019094,0.07264,0.192,0.030857,0.06662,0.11682,0.11873,0.17661,0.019094,0.18754,2
0.023959,0.074286,0.18647,0.035014,0.068627,0.11581,0.11761,0.172,0.023959,0.18227,2
0.021001,0.073285,0.18983,0.032486,0.067406,0.11642,0.11829,0.1748,0.021001,0.18547,2
0.061121,0.14105,0.085084,0.17815,0.18601,0.037794,0.10756,0.043657,0.033513,0.12606,3
0.057502,0.14487,0.083695,0.18542,0.19401,0.032003,0.10827,0.038413,0.027324,0.12849,3
0.058039,0.1443,0.083901,0.18434,0.19282,0.032863,0.10816,0.039191,0.028243,0.12813,3
0.060339,0.14187,0.084784,0.17972,0.18773,0.036544,0.10772,0.042525,0.032177,0.12659,3
0.059596,0.14266,0.084499,0.18122,0.18938,0.035354,0.10786,0.041448,0.030905,0.12708,3
0.057735,0.14462,0.083785,0.18495,0.19349,0.032377,0.10822,0.038751,0.027723,0.12833,3
0.059961,0.14227,0.084639,0.18048,0.18857,0.035938,0.10779,0.041977,0.031529,0.12684,3
0.05903,0.14326,0.084282,0.18235,0.19063,0.034448,0.10797,0.040627,0.029937,0.12746,3
0.058835,0.14346,0.084207,0.18274,0.19106,0.034137,0.10801,0.040346,0.029605,0.12759,3
0.056483,0.14595,0.083304,0.18747,0.19627,0.030373,0.10847,0.036936,0.025582,0.12917,3
0.060297,0.14192,0.084768,0.17981,0.18783,0.036475,0.10772,0.042463,0.032104,0.12661,3
0.060736,0.14146,0.084936,0.17892,0.18686,0.037178,0.10764,0.0431,0.032855,0.12632,3
0.057653,0.14471,0.083753,0.18512,0.19368,0.032245,0.10824,0.038632,0.027582,0.12839,3
0.058605,0.14371,0.084119,0.18321,0.19157,0.033769,0.10805,0.040012,0.029211,0.12775,3
0.06156,0.14059,0.085252,0.17727,0.18503,0.038496,0.10748,0.044293,0.034263,0.12577,3
0.060287,0.14193,0.084764,0.17983,0.18785,0.03646,0.10773,0.042449,0.032087,0.12662,3
0.059957,0.14228,0.084637,0.18049,0.18858,0.035931,0.10779,0.041971,0.031522,0.12684,3
0.061627,0.14052,0.085278,0.17713,0.18489,0.038604,0.10746,0.044391,0.034378,0.12572,3
0.057951,0.1444,0.083868,0.18452,0.19302,0.032722,0.10818,0.039064,0.028092,0.12819,3
0.056975,0.14543,0.083493,0.18648,0.19518,0.031161,0.10837,0.03765,0.026424,0.12884,3
0.056958,0.14544,0.083487,0.18652,0.19521,0.031134,0.10837,0.037626,0.026395,0.12885,3
0.060077,0.14215,0.084683,0.18025,0.18831,0.036124,0.10777,0.042145,0.031728,0.12676,3
0.059138,0.14314,0.084323,0.18214,0.19039,0.034621,0.10795,0.040784,0.030122,0.12739,3
0.059573,0.14268,0.08449,0.18126,0.18943,0.035318,0.10786,0.041415,0.030867,0.1271,3
0.059676,0.14258,0.08453,0.18105,0.1892,0.035482,0.10784,0.041564,0.031042,0.12703,3
0.059406,0.14286,0.084426,0.1816,0.1898,0.03505,0.1079,0.041172,0.03058,0.12721,3
0.058285,0.14404,0.083996,0.18385,0.19228,0.033256,0.10812,0.039548,0.028663,0.12796,3
0.06097,0.14121,0.085026,0.17845,0.18634,0.037553,0.10759,0.04344,0.033256,0.12616,3
0.059054,0.14323,0.084291,0.1823,0.19058,0.034487,0.10797,0.040662,0.029978,0.12745,3
0.057626,0.14474,0.083743,0.18518,0.19374,0.032202,0.10824,0.038593,0.027536,0.12841,3
0.061271,0.14089,0.085142,0.17785,0.18567,0.038034,0.10753,0.043876,0.03377,0.12596,3
0.059826,0.14242,0.084587,0.18075,0.18887,0.035722,0.10782,0.041781,0.031298,0.12693,3
0.060831,0.14136,0.084973,0.17873,0.18665,0.037331,0.10762,0.043238,0.033018,0.12626,3
0.057012,0.14539,0.083507,0.18641,0.19509,0.03122,0.10836,0.037703,0.026487,0.12882,3
0.057563,0.14481,0.083719,0.1853,0.19387,0.032102,0.10826,0.038502,0.02743,0.12845,3
0.057285,0.1451,0.083612,0.18586,0.19449,0.031657,0.10831,0.038099,0.026954,0.12863,3
0.060993,0.14118,0.085035,0.17841,0.18629,0.03759,0.10759,0.043473,0.033295,0.12615,3
0.060922,0.14126,0.085008,0.17855,0.18644,0.037476,0.1076,0.04337,0.033174,0.1262,3
0.06085,0.14134,0.08498,0.17869,0.1866,0.037361,0.10762,0.043265,0.03305,0.12624,3
0.061259,0.1409,0.085137,0.17787,0.1857,0.038014,0.10754,0.043857,0.033749,0.12597,3
0.060991,0.14119,0.085034,0.17841,0.18629,0.037586,0.10759,0.043469,0.033291,0.12615,3
0.059929,0.14231,0.084626,0.18055,0.18864,0.035886,0.1078,0.04193,0.031474,0.12686,3
0.05738,0.145,0.083649,0.18567,0.19428,0.031808,0.10829,0.038236,0.027116,0.12857,3
0.060243,0.14198,0.084747,0.17991,0.18795,0.03639,0.10773,0.042386,0.032012,0.12665,3
0.06052,0.14168,0.084853,0.17936,0.18733,0.036832,0.10768,0.042787,0.032485,0.12647,3
0.059712,0.14254,0.084543,0.18098,0.18912,0.035539,0.10784,0.041615,0.031103,0.12701,3
0.057068,0.14533,0.083529,0.1863,0.19497,0.031309,0.10835,0.037784,0.026582,0.12878,3
0.058103,0.14424,0.083926,0.18422,0.19268,0.032965,0.10815,0.039284,0.028352,0.12809,3
0.059517,0.14274,0.084468,0.18137,0.18955,0.035227,0.10788,0.041333,0.03077,0.12714,3
0.05945,0.14281,0.084443,0.18151,0.1897,0.035121,0.10789,0.041236,0.030656,0.12718,3
0.060487,0.14172,0.084841,0.17942,0.18741,0.03678,0.10769,0.042739,0.032429,0.12649,3
0.0618,0.14033,0.085344,0.17678,0.1845,0.03888,0.10743,0.044642,0.034674,0.12561,3
0.060039,0.14219,0.084669,0.18033,0.1884,0.036062,0.10777,0.042089,0.031662,0.12679,3
0.057776,0.14458,0.0838,0.18487,0.1934,0.032442,0.10821,0.03881,0.027793,0.1283,3
0.063784,0.080625,0.22009,0.13755,0.03011,0.036408,0.10654,0.041699,0.24929,0.033906,4
0.067624,0.082679,0.20735,0.13357,0.037521,0.043151,0.10584,0.047881,0.23346,0.040914,4
0.061887,0.07961,0.22638,0.13952,0.026448,0.033076,0.10688,0.038644,0.25712,0.030443,4
0.067119,0.082409,0.20903,0.13409,0.036545,0.042263,0.10594,0.047067,0.23555,0.039991,4
0.062903,0.080153,0.22301,0.13846,0.028409,0.034859,0.1067,0.040279,0.25293,0.032297,4
0.058295,0.077688,0.23829,0.14324,0.019516,0.026768,0.10753,0.032861,0.27192,0.023887,4
0.065052,0.081303,0.21589,0.13624,0.032556,0.038633,0.10631,0.043739,0.24407,0.036219,4
0.064495,0.081005,0.21773,0.13681,0.031482,0.037656,0.10641,0.042843,0.24636,0.035203,4
0.060426,0.078828,0.23122,0.14103,0.023629,0.03051,0.10714,0.036292,0.26314,0.027776,4
0.061296,0.079294,0.22834,0.14013,0.025309,0.032039,0.10699,0.037693,0.25955,0.029365,4
0.060806,0.079031,0.22997,0.14064,0.024362,0.031177,0.10708,0.036904,0.26157,0.028469,4
0.063904,0.080689,0.21969,0.13742,0.030342,0.036618,0.10652,0.041892,0.2488,0.034124,4
0.06655,0.082105,0.21092,0.13468,0.035448,0.041265,0.10604,0.046152,0.23789,0.038954,4
0.058076,0.077571,0.23902,0.14347,0.019094,0.026384,0.10757,0.032509,0.27283,0.023488,4
0.060629,0.078937,0.23055,0.14082,0.02402,0.030866,0.10711,0.036619,0.2623,0.028146,4
0.057446,0.077234,0.2411,0.14412,0.017879,0.025279,0.10768,0.031496,0.27542,0.022339,4
0.066536,0.082097,0.21096,0.1347,0.035421,0.04124,0.10604,0.046129,0.23795,0.038928,4
0.059375,0.078266,0.23471,0.14212,0.021602,0.028666,0.10733,0.034601,0.26747,0.025859,4
0.066478,0.082066,0.21115,0.13476,0.03531,0.041139,0.10605,0.046036,0.23819,0.038823,4
0.068149,0.08296,0.20561,0.13302,0.038534,0.044072,0.10575,0.048725,0.2313,0.041872,4
0.067907,0.082831,0.20642,0.13327,0.038067,0.043648,0.10579,0.048336,0.2323,0.04143,4
0.058887,0.078005,0.23633,0.14263,0.020659,0.027808,0.10742,0.033814,0.26948,0.024967,4
0.068671,0.083239,0.20389,0.13248,0.03954,0.044988,0.10566,0.049565,0.22915,0.042824,4
0.059977,0.078588,0.23271,0.1415,0.022763,0.029722,0.10723,0.035569,0.26499,0.026957,4
0.064993,0.081271,0.21608,0.1363,0.032443,0.03853,0.10632,0.043644,0.24431,0.036111,4
0.062193,0.079774,0.22536,0.1392,0.02704,0.033614,0.10683,0.039138,0.25585,0.031002,4
0.059598,0.078385,0.23397,0.14189,0.022031,0.029056,0.10729,0.034959,0.26655,0.026265,4
0.058175,0.077624,0.23869,0.14337,0.019285,0.026558,0.10755,0.032669,0.27242,0.023669,4
0.06848,0.083137,0.20452,0.13268,0.039173,0.044654,0.10569,0.049259,0.22993,0.042476,4
0.061678,0.079498,0.22707,0.13973,0.026047,0.03271,0.10692,0.038309,0.25797,0.030063,4
0.067789,0.082767,0.20681,0.1334,0.037838,0.04344,0.10581,0.048145,0.23278,0.041214,4
0.064289,0.080895,0.21842,0.13703,0.031084,0.037294,0.10645,0.042511,0.24721,0.034826,4
0.064869,0.081205,0.21649,0.13642,0.032204,0.038312,0.10634,0.043445,0.24482,0.035885,4
0.06466,0.081093,0.21718,0.13664,0.031801,0.037946,0.10638,0.043109,0.24568,0.035504,4
0.058425,0.077757,0.23786,0.14311,0.019767,0.026996,0.10751,0.033071,0.27139,0.024124,4
0.065442,0.081512,0.21459,0.13583,0.03331,0.039319,0.10624,0.044368,0.24246,0.036931,4
0.060613,0.078928,0.23061,0.14084,0.02399,0.030838,0.10711,0.036593,0.26237,0.028117,4
0.065482,0.081533,0.21446,0.13579,0.033387,0.039389,0.10623,0.044432,0.24229,0.037004,4
0.064151,0.080821,0.21887,0.13717,0.030818,0.037052,0.10647,0.042289,0.24778,0.034575,4
0.064974,0.081261,0.21614,0.13632,0.032407,0.038497,0.10632,0.043614,0.24439,0.036077,4
0.067022,0.082357,0.20935,0.13419,0.036358,0.042092,0.10595,0.04691,0.23595,0.039814,4
0.06094,0.079103,0.22952,0.1405,0.024621,0.031413,0.10705,0.037119,0.26102,0.028714,4
0.065891,0.081752,0.2131,0.13537,0.034176,0.040107,0.10616,0.04509,0.24061,0.03775,4
0.060116,0.078662,0.23225,0.14135,0.023031,0.029966,0.1072,0.035793,0.26441,0.027211,4
0.059943,0.07857,0.23283,0.14153,0.022697,0.029662,0.10723,0.035515,0.26513,0.026895,4
0.059518,0.078342,0.23424,0.14197,0.021877,0.028916,0.10731,0.034831,0.26688,0.026119,4
0.061974,0.079656,0.22609,0.13943,0.026616,0.033229,0.10686,0.038784,0.25676,0.030601,4
0.068784,0.0833,0.20351,0.13237,0.039759,0.045187,0.10564,0.049747,0.22868,0.04303,4
0.062434,0.079902,0.22457,0.13895,0.027505,0.034037,0.10678,0.039525,0.25486,0.031441,4
0.060405,0.078817,0.23129,0.14105,0.023588,0.030473,0.10715,0.036258,0.26322,0.027738,4
0.057666,0.077352,0.24038,0.14389,0.018303,0.025664,0.10764,0.031849,0.27452,0.022739,4
0.058194,0.077634,0.23863,0.14335,0.019322,0.026591,0.10755,0.032699,0.27234,0.023703,4
0.067443,0.082582,0.20796,0.13376,0.03717,0.042831,0.10588,0.047588,0.23421,0.040582,4
0.058708,0.077909,0.23692,0.14281,0.020315,0.027495,0.10745,0.033527,0.27022,0.024642,4
0.067437,0.082579,0.20798,0.13376,0.037159,0.042821,0.10588,0.047579,0.23424,0.040571,4
0.068466,0.083129,0.20456,0.1327,0.039145,0.044628,0.10569,0.049235,0.22999,0.04245,4
0.066362,0.082004,0.21154,0.13488,0.035085,0.040934,0.10607,0.045849,0.23867,0.03861,4
0.061968,0.079653,0.22611,0.13943,0.026605,0.033218,0.10687,0.038774,0.25678,0.03059,4
0.063896,0.080685,0.21972,0.13743,0.030327,0.036605,0.10652,0.041879,0.24883,0.03411,4
0.065268,0.081419,0.21517,0.13601,0.032974,0.039013,0.10627,0.044088,0.24318,0.036614,4
0.067979,0.082869,0.20618,0.1332,0.038205,0.043773,0.10578,0.048452,0.232,0.041561,4
0.0609,0.079082,0.22965,0.14054,0.024545,0.031344,0.10706,0.037056,0.26118,0.028642,4
0.067181,0.082442,0.20882,0.13403,0.036666,0.042372,0.10592,0.047167,0.23529,0.040105,4
0.057389,0.077204,0.24129,0.14418,0.017769,0.025179,0.10769,0.031404,0.27565,0.022235,4
0.068138,0.082954,0.20565,0.13303,0.038513,0.044053,0.10575,0.048708,0.23134,0.041852,4
0.066843,0.082261,0.20994,0.13438,0.036014,0.041779,0.10599,0.046623,0.23668,0.039489,4
0.062191,0.079773,0.22537,0.1392,0.027037,0.033611,0.10683,0.039135,0.25586,0.030999,4
0.068809,0.083313,0.20343,0.13234,0.039808,0.045231,0.10563,0.049788,0.22858,0.043076,4
0.064992,0.081271,0.21608,0.1363,0.032442,0.038529,0.10632,0.043644,0.24431,0.036111,4
0.065301,0.081436,0.21506,0.13598,0.033037,0.03907,0.10626,0.04414,0.24304,0.036673,4
0.062721,0.080056,0.22362,0.13865,0.028058,0.03454,0.10673,0.039987,0.25368,0.031965,4
0.066445,0.082049,0.21126,0.13479,0.035246,0.041081,0.10606,0.045983,0.23832,0.038762,4
0.059322,0.078238,0.23488,0.14218,0.0215,0.028573,0.10734,0.034516,0.26769,0.025762,4
0.057563,0.077297,0.24072,0.144,0.018105,0.025484,0.10766,0.031684,0.27494,0.022552,4
0.067148,0.082424,0.20893,0.13406,0.036602,0.042314,0.10593,0.047114,0.23543,0.040044,4
0.06519,0.081377,0.21543,0.13609,0.032823,0.038876,0.10628,0.043961,0.2435,0.036471,4
0.066646,0.082156,0.2106,0.13458,0.035633,0.041432,0.10602,0.046305,0.2375,0.039128,4
0.058904,0.078014,0.23627,0.14261,0.020692,0.027838,0.10742,0.033842,0.26941,0.024999,4
0.068816,0.083317,0.2034,0.13233,0.03982,0.045243,0.10563,0.049798,0.22855,0.043088,4
0.064806,0.081172,0.2167,0.13649,0.032083,0.038203,0.10635,0.043344,0.24508,0.035771,4
0.06294,0.080173,0.22289,0.13842,0.028481,0.034925,0.10669,0.04034,0.25277,0.032365,4
0.061665,0.079491,0.22712,0.13975,0.02602,0.032686,0.10692,0.038287,0.25803,0.030037,4
0.066026,0.081824,0.21266,0.13523,0.034436,0.040343,0.10613,0.045307,0.24005,0.037996,4
0.063905,0.08069,0.21969,0.13742,0.030344,0.03662,0.10652,0.041893,0.24879,0.034126,4
0.067769,0.082757,0.20687,0.13342,0.037801,0.043405,0.10582,0.048114,0.23286,0.041179,4
0.061895,0.079614,0.22635,0.13951,0.026465,0.03309,0.10688,0.038657,0.25708,0.030458,4
0.062069,0.079707,0.22578,0.13933,0.0268,0.033396,0.10685,0.038937,0.25636,0.030775,4
0.068021,0.082892,0.20604,0.13316,0.038287,0.043847,0.10577,0.048519,0.23183,0.041638,4
0.06856,0.08318,0.20425,0.1326,0.039326,0.044793,0.10568,0.049387,0.22961,0.042621,4
0.06693,0.082308,0.20966,0.13429,0.036182,0.041932,0.10597,0.046763,0.23632,0.039647,4
0.064245,0.080872,0.21856,0.13707,0.031,0.037218,0.10645,0.042441,0.24739,0.034747,4
0.057481,0.077253,0.24099,0.14408,0.017946,0.025339,0.10768,0.031551,0.27528,0.022402,4
0.059559,0.078365,0.2341,0.14193,0.021957,0.028989,0.1073,0.034897,0.26671,0.026195,4
0.057212,0.077109,0.24188,0.14436,0.017427,0.024867,0.10772,0.031118,0.27639,0.021911,4
0.065286,0.081428,0.21511,0.13599,0.033009,0.039045,0.10627,0.044117,0.2431,0.036647,4
0.061699,0.079509,0.227,0.13971,0.026086,0.032746,0.10691,0.038341,0.25789,0.0301,4
0.064119,0.080804,0.21898,0.1372,0.030757,0.036996,0.10648,0.042238,0.24791,0.034517,4
0.06413,0.08081,0.21894,0.13719,0.030778,0.037015,0.10648,0.042256,0.24787,0.034537,4
0.061194,0.079239,0.22868,0.14023,0.025112,0.03186,0.10701,0.037529,0.25997,0.029179,4
0.067966,0.082862,0.20622,0.13321,0.038179,0.04375,0.10578,0.04843,0.23206,0.041537,4
0.061302,0.14848,0.014084,0.020087,0.029884,0.16969,0.17818,0.1697,0.17132,0.037275,5
0.066274,0.14226,0.025121,0.030353,0.038891,0.16074,0.16813,0.16074,0.16216,0.045333,5
0.063925,0.1452,0.019907,0.025503,0.034636,0.16497,0.17288,0.16497,0.16649,0.041526,5
0.062058,0.14754,0.015761,0.021647,0.031253,0.16833,0.17665,0.16834,0.16993,0.038499,5
0.065354,0.14341,0.02308,0.028455,0.037225,0.16239,0.16999,0.1624,0.16385,0.043842,5
0.065877,0.14275,0.02424,0.029533,0.038172,0.16145,0.16894,0.16146,0.16289,0.044689,5
0.061561,0.14816,0.014658,0.020621,0.030352,0.16923,0.17765,0.16923,0.17084,0.037694,5
0.06521,0.14359,0.02276,0.028157,0.036964,0.16265,0.17028,0.16266,0.16412,0.043609,5
0.062722,0.14671,0.017236,0.023019,0.032456,0.16713,0.17531,0.16714,0.1687,0.039576,5
0.062614,0.14684,0.016997,0.022797,0.032261,0.16733,0.17553,0.16733,0.1689,0.039401,5
0.058666,0.15179,0.00823,0.014642,0.025106,0.17444,0.1835,0.17444,0.17618,0.033001,5
0.060996,0.14887,0.013403,0.019454,0.029328,0.17024,0.1788,0.17025,0.17188,0.036778,5
0.064755,0.14416,0.021749,0.027217,0.036139,0.16347,0.1712,0.16348,0.16496,0.042871,5
0.058502,0.15199,0.0078661,0.014304,0.024809,0.17474,0.18383,0.17474,0.17648,0.032735,5
0.065325,0.14344,0.023015,0.028394,0.037173,0.16245,0.17005,0.16245,0.16391,0.043795,5
0.062019,0.14759,0.015676,0.021568,0.031183,0.1684,0.17673,0.1684,0.17,0.038437,5
0.060777,0.14914,0.012917,0.019002,0.028932,0.17064,0.17924,0.17064,0.17229,0.036423,5
0.064996,0.14386,0.022284,0.027715,0.036576,0.16304,0.17071,0.16304,0.16451,0.043262,5
0.060352,0.14967,0.011974,0.018125,0.028162,0.1714,0.1801,0.17141,0.17307,0.035734,5
0.060035,0.15007,0.01127,0.01747,0.027587,0.17197,0.18074,0.17198,0.17366,0.03522,5
0.060208,0.14985,0.011655,0.017828,0.027901,0.17166,0.18039,0.17167,0.17334,0.035501,5
0.06226,0.14728,0.01621,0.022064,0.031618,0.16797,0.17624,0.16797,0.16956,0.038826,5
0.059733,0.15045,0.010599,0.016846,0.027039,0.17252,0.18135,0.17252,0.17421,0.03473,5
0.06425,0.14479,0.020629,0.026175,0.035225,0.16438,0.17222,0.16439,0.16589,0.042053,5
0.062577,0.14689,0.016915,0.02272,0.032194,0.1674,0.1756,0.1674,0.16897,0.039341,5
0.063763,0.1454,0.019546,0.025168,0.034342,0.16526,0.17321,0.16526,0.16679,0.041262,5
0.064679,0.14425,0.02158,0.027059,0.036001,0.16361,0.17136,0.16362,0.1651,0.042747,5
0.064035,0.14506,0.020152,0.025731,0.034836,0.16477,0.17265,0.16477,0.16628,0.041705,5
0.065776,0.14288,0.024016,0.029326,0.03799,0.16163,0.16914,0.16164,0.16307,0.044526,5
0.065957,0.14265,0.024417,0.029699,0.038317,0.16131,0.16877,0.16131,0.16274,0.044819,5
0.065738,0.14293,0.023932,0.029247,0.03792,0.1617,0.16922,0.16171,0.16315,0.044464,5
0.065571,0.14314,0.023562,0.028903,0.037619,0.162,0.16955,0.16201,0.16345,0.044194,5
0.062107,0.14748,0.015869,0.021748,0.031341,0.16824,0.17655,0.16825,0.16984,0.038578,5
0.063289,0.146,0.018494,0.024189,0.033483,0.16611,0.17416,0.16612,0.16766,0.040494,5
0.065663,0.14302,0.023766,0.029093,0.037786,0.16184,0.16937,0.16184,0.16328,0.044343,5
0.064067,0.14502,0.020223,0.025797,0.034893,0.16471,0.17259,0.16472,0.16622,0.041756,5
0.065804,0.14284,0.024078,0.029383,0.03804,0.16158,0.16908,0.16159,0.16302,0.044571,5
0.061033,0.14882,0.013486,0.019531,0.029396,0.17018,0.17872,0.17018,0.17182,0.036838,5
0.065628,0.14306,0.023687,0.029019,0.037721,0.1619,0.16944,0.16191,0.16335,0.044286,5
0.064058,0.14503,0.020202,0.025778,0.034877,0.16473,0.17261,0.16473,0.16624,0.041741,5
0.06563,0.14306,0.023691,0.029023,0.037724,0.1619,0.16943,0.1619,0.16334,0.044289,5
0.060769,0.14915,0.0129,0.018986,0.028918,0.17065,0.17925,0.17066,0.1723,0.03641,5
0.062352,0.14717,0.016414,0.022255,0.031786,0.1678,0.17606,0.16781,0.16939,0.038976,5
0.063151,0.14617,0.018187,0.023904,0.033233,0.16636,0.17444,0.16637,0.16791,0.04027,5
0.059211,0.1511,0.0094408,0.015768,0.026094,0.17346,0.1824,0.17346,0.17517,0.033885,5
0.065339,0.14343,0.023047,0.028424,0.037198,0.16242,0.17002,0.16243,0.16388,0.043818,5
0.065771,0.14289,0.024004,0.029314,0.03798,0.16164,0.16915,0.16165,0.16309,0.044517,5
0.065747,0.14292,0.023952,0.029266,0.037937,0.16169,0.1692,0.16169,0.16313,0.044479,5
0.061178,0.14864,0.013808,0.01983,0.029658,0.16992,0.17843,0.16992,0.17155,0.037073,5
0.062006,0.1476,0.015647,0.021541,0.03116,0.16842,0.17675,0.16843,0.17002,0.038416,5
0.059981,0.15014,0.01115,0.017358,0.027489,0.17207,0.18085,0.17208,0.17376,0.035132,5
0.06054,0.14944,0.012391,0.018512,0.028502,0.17107,0.17972,0.17107,0.17273,0.036038,5
0.060317,0.14972,0.011896,0.018052,0.028098,0.17147,0.18017,0.17147,0.17314,0.035677,5
0.063105,0.14623,0.018086,0.02381,0.03315,0.16645,0.17453,0.16645,0.168,0.040197,5
0.065148,0.14367,0.022622,0.028029,0.036852,0.16277,0.17041,0.16277,0.16423,0.043508,5
0.065933,0.14268,0.024366,0.029651,0.038275,0.16135,0.16882,0.16136,0.16278,0.044781,5
0.061038,0.14882,0.013497,0.019541,0.029405,0.17017,0.17871,0.17017,0.17181,0.036846,5
0.06225,0.1473,0.016188,0.022045,0.031601,0.16798,0.17626,0.16799,0.16957,0.038811,5
0.064194,0.14486,0.020505,0.02606,0.035124,0.16448,0.17233,0.16449,0.16599,0.041962,5
0.058924,0.15146,0.0088037,0.015176,0.025574,0.17397,0.18298,0.17398,0.1757,0.03342,5
0.060911,0.14897,0.013215,0.019279,0.029174,0.1704,0.17897,0.1704,0.17204,0.03664,5
0.065374,0.14338,0.023124,0.028495,0.037261,0.16236,0.16995,0.16236,0.16382,0.043874,5
0.065668,0.14301,0.023777,0.029103,0.037794,0.16183,0.16936,0.16183,0.16327,0.044351,5
0.06407,0.14502,0.020228,0.025802,0.034898,0.16471,0.17259,0.16471,0.16622,0.04176,5
0.058909,0.15148,0.0087705,0.015145,0.025547,0.174,0.18301,0.17401,0.17573,0.033395,5
